Country,Confirmed,Deaths,Recovered,Active,New Cases,Deaths / 100 Cases,Recovered / 100 Cases,Deaths / 100 Recovered,Population,Cases / Million People,Confirmed last week,1 week change,1 week % increase
Afghanistan,178901,7683,0,171218,0,4.29,0.0,0.0,38928341,4596.0,178769,132,0.07
Albania,275191,3496,0,271695,14,1.27,0.0,0.0,2877800,95625.0,274862,329,0.12
Algeria,265782,6875,0,258907,0,2.59,0.0,0.0,43851043,6061.0,265772,10,0.0
Andorra,41349,153,0,41196,0,0.37,0.0,0.0,77265,535158.0,41013,336,0.82
Angola,99287,1900,0,97387,0,1.91,0.0,0.0,32866268,3021.0,99287,0,0.0
Antarctica,11,0,0,11,0,0.0,0.0,0.0,0,118981.76165803109,11,0,0.0
Antigua and Barbuda,7626,136,0,7490,0,1.78,0.0,0.0,97928,77874.0,7571,55,0.73
Argentina,9083673,128653,0,8955020,0,1.42,0.0,0.0,45195777,200985.0,9072230,11443,0.13
Armenia,422874,8622,0,414252,0,2.04,0.0,0.0,2963234,142707.0,422838,36,0.01
Australia,6072564,7355,0,6065209,42324,0.12,0.0,0.0,50919400,119258.0,5796700,275864,4.76
Austria,4154244,18183,0,4136061,5240,0.44,0.0,0.0,9006400,461255.0,4114558,39686,0.96
Azerbaijan,792585,9709,0,782876,6,1.22,0.0,0.0,10139175,78171.0,792502,83,0.01
Bahamas,33601,798,0,32803,19,2.37,0.0,0.0,393248,85445.0,33498,103,0.31
Bahrain,569727,1476,0,568251,357,0.26,0.0,0.0,1701583,334822.0,567173,2554,0.45
Bangladesh,1952733,29127,0,1923606,7,1.49,0.0,0.0,164689383,11857.0,1952602,131,0.01
Barbados,71127,399,0,70728,334,0.56,0.0,0.0,287371,247509.0,68440,2687,3.93
Belarus,980868,6954,0,973914,523,0.71,0.0,0.0,9449321,103803.0,978117,2751,0.28
Belgium,4071279,31494,0,4039785,0,0.77,0.0,0.0,22985282,177125.0,4036113,35166,0.87
Belize,57535,676,0,56859,38,1.17,0.0,0.0,397621,144698.0,57467,68,0.12
Benin,26952,163,0,26789,0,0.6,0.0,0.0,12123198,2223.0,26952,0,0.0
Bhutan,59274,21,0,59253,27,0.04,0.0,0.0,771612,76818.0,58373,901,1.54
Bolivia,905097,21923,0,883174,23,2.42,0.0,0.0,11673029,77537.0,904657,440,0.05
Bosnia and Herzegovina,377145,15766,0,361379,58,4.18,0.0,0.0,3280815,114955.0,376897,248,0.07
Botswana,305984,2688,0,303296,0,0.88,0.0,0.0,2351625,130116.0,305859,125,0.04
Brazil,30482429,663930,0,29818499,21432,2.18,0.0,0.0,422706534,72113.0,30378061,104368,0.34
Brunei,141976,218,0,141758,65,0.15,0.0,0.0,437483,324529.0,141405,571,0.4
Bulgaria,1157919,36947,0,1120972,720,3.19,0.0,0.0,6948445,166644.0,1154646,3273,0.28
Burkina Faso,20865,383,0,20482,0,1.84,0.0,0.0,20903278,998.0,20865,0,0.0
Burma,612924,19434,0,593490,10,3.17,0.0,0.0,54409800,11265.0,612785,139,0.02
Burundi,40552,38,0,40514,155,0.09,0.0,0.0,11890781,3410.0,39634,918,2.32
Cabo Verde,56031,401,0,55630,3,0.72,0.0,0.0,555988,100777.0,56010,21,0.04
Cambodia,136257,3056,0,133201,3,2.24,0.0,0.0,16718971,8150.0,136230,27,0.02
Cameroon,119780,1927,0,117853,0,1.61,0.0,0.0,26545864,4512.0,119780,0,0.0
Canada,3776551,39391,0,3737160,5556,1.04,0.0,0.0,76492216,49372.0,3728443,48108,1.29
Central African Republic,14649,113,0,14536,0,0.77,0.0,0.0,4829764,3033.0,14649,0,0.0
Chad,7412,193,0,7219,0,2.6,0.0,0.0,16425859,451.0,7411,1,0.01
Chile,3563650,57544,0,3506106,1129,1.61,0.0,0.0,36692988,97121.0,3549327,14323,0.4
China,2244537,14453,0,2230084,16752,0.64,0.0,0.0,2829703778,793.0,2071583,172954,8.35
Colombia,6092667,139797,0,5952870,0,2.29,0.0,0.0,99141018,61455.0,6091753,914,0.02
Comoros,8107,160,0,7947,1,1.97,0.0,0.0,869595,9323.0,8105,2,0.02
Congo (Brazzaville),24079,385,0,23694,0,1.6,0.0,0.0,89561403,269.0,24079,0,0.0
Congo (Kinshasa),87023,1337,0,85686,0,1.54,0.0,0.0,5518087,15771.0,87023,0,0.0
Costa Rica,852074,8405,0,843669,0,0.99,0.0,0.0,5094114,167266.0,847784,4290,0.51
Cote d'Ivoire,81959,799,0,81160,2,0.97,0.0,0.0,26378274,3107.0,81909,50,0.06
Croatia,1123578,15848,0,1107730,549,1.41,0.0,0.0,4105268,273692.0,1118526,5052,0.45
Cuba,1103395,8527,0,1094868,109,0.77,0.0,0.0,11326616,97416.0,1102164,1231,0.11
Cyprus,480220,1020,0,479200,0,0.21,0.0,0.0,1207361,397744.0,470481,9739,2.07
Czechia,3909167,40184,0,3868983,1374,1.03,0.0,0.0,10708981,365036.0,3900444,8723,0.22
Denmark,3165728,6240,0,3159488,993,0.2,0.0,0.0,5942850,532695.0,3159115,6613,0.21
Diamond Princess,712,13,0,699,0,1.83,0.0,0.0,0,118981.76165803109,712,0,0.0
Djibouti,15631,189,0,15442,0,1.21,0.0,0.0,988002,15821.0,15611,20,0.13
Dominica,12161,63,0,12098,0,0.52,0.0,0.0,71991,168924.0,12011,150,1.25
Dominican Republic,579443,4376,0,575067,0,0.76,0.0,0.0,10847904,53415.0,579114,329,0.06
Ecuador,869696,35598,0,834098,0,4.09,0.0,0.0,17643060,49294.0,868285,1411,0.16
Egypt,515645,24613,0,491032,0,4.77,0.0,0.0,102334403,5039.0,515645,0,0.0
El Salvador,162089,4128,0,157961,0,2.55,0.0,0.0,6486201,24990.0,162089,0,0.0
Equatorial Guinea,15908,183,0,15725,1,1.15,0.0,0.0,1402985,11339.0,15907,1,0.01
Eritrea,9734,103,0,9631,0,1.06,0.0,0.0,3546427,2745.0,9734,0,0.0
Estonia,572434,2548,0,569886,241,0.45,0.0,0.0,1326539,431524.0,570931,1503,0.26
Eswatini,70740,1397,0,69343,62,1.97,0.0,0.0,1160164,60974.0,70354,386,0.55
Ethiopia,470609,7510,0,463099,22,1.6,0.0,0.0,114963583,4094.0,470468,141,0.03
Fiji,64646,862,0,63784,0,1.33,0.0,0.0,896444,72114.0,64535,111,0.17
Finland,1023013,3939,0,1019074,0,0.39,0.0,0.0,5540718,184635.0,1000472,22541,2.25
France,28948497,147299,0,28801198,67113,0.51,0.0,0.0,68128061,424913.0,28605614,342883,1.2
Gabon,47602,304,0,47298,0,0.64,0.0,0.0,2225728,21387.0,47597,5,0.01
Gambia,11995,365,0,11630,0,3.04,0.0,0.0,2416664,4963.0,11995,0,0.0
Georgia,1655221,16811,0,1638410,0,1.02,0.0,0.0,3989175,414928.0,1654375,846,0.05
Germany,25033970,135942,0,24898028,106631,0.54,0.0,0.0,166310062,150526.0,24337394,696576,2.86
Ghana,161216,1445,0,159771,12,0.9,0.0,0.0,31072945,5188.0,161157,59,0.04
Greece,3335550,29249,0,3306301,4262,0.88,0.0,0.0,10423056,320017.0,3290895,44655,1.36
Grenada,14743,220,0,14523,0,1.49,0.0,0.0,112519,131027.0,14519,224,1.54
Guatemala,846785,17622,0,829163,153,2.08,0.0,0.0,17915567,47265.0,843269,3516,0.42
Guinea,36549,442,0,36107,0,1.21,0.0,0.0,13132792,2783.0,36540,9,0.02
Guinea-Bissau,8202,171,0,8031,0,2.08,0.0,0.0,1967998,4168.0,8186,16,0.2
Guyana,63491,1228,0,62263,7,1.93,0.0,0.0,786559,80720.0,63420,71,0.11
Haiti,30697,835,0,29862,0,2.72,0.0,0.0,11402533,2692.0,30655,42,0.14
Holy See,29,0,0,29,0,0.0,0.0,0.0,809,35847.0,29,0,0.0
Honduras,423179,10893,0,412286,0,2.57,0.0,0.0,9904608,42725.0,422545,634,0.15
Hungary,1903200,46266,0,1856934,0,2.43,0.0,0.0,9660350,197011.0,1895677,7523,0.4
Iceland,185795,119,0,185676,216,0.06,0.0,0.0,341250,544454.0,185353,442,0.24
India,43088118,523920,0,42564198,3205,1.22,0.0,0.0,2751341248,15661.0,43065496,22622,0.05
Indonesia,6047315,156305,0,5891010,107,2.58,0.0,0.0,273523621,22109.0,6045043,2272,0.04
Iran,7223576,141131,0,7082445,571,1.95,0.0,0.0,83992953,86002.0,7218424,5152,0.07
Iraq,2325287,25212,0,2300075,40,1.08,0.0,0.0,40222503,57811.0,2324531,756,0.03
Ireland,1519296,7092,0,1512204,2184,0.47,0.0,0.0,4937796,307687.0,1514035,5261,0.35
Israel,4082954,10699,0,4072255,2474,0.26,0.0,0.0,8655541,471716.0,4066014,16940,0.42
Italy,16586268,163889,0,16422379,62409,0.99,0.0,0.0,120822834,137278.0,16191323,394945,2.44
Jamaica,130388,2969,0,127419,89,2.28,0.0,0.0,2961161,44033.0,129681,707,0.55
Japan,7947818,29686,0,7918132,30427,0.37,0.0,0.0,252643406,31459.0,7721795,226023,2.93
Jordan,1695745,14064,0,1681681,0,0.83,0.0,0.0,10203140,166198.0,1695745,0,0.0
Kazakhstan,1394536,19013,0,1375523,6,1.36,0.0,0.0,18776707,74269.0,1394367,169,0.01
Kenya,323796,5649,0,318147,4,1.74,0.0,0.0,53771300,6022.0,323723,73,0.02
Kiribati,3084,13,0,3071,0,0.42,0.0,0.0,117606,26223.0,3080,4,0.13
"Korea, South",17395791,23079,0,17372712,49038,0.13,0.0,0.0,51269183,339303.0,17086626,309165,1.81
Kosovo,228098,3138,0,224960,4,1.38,0.0,0.0,1793000,127216.0,227991,107,0.05
Kuwait,631409,2555,0,628854,0,0.4,0.0,0.0,4270563,147851.0,631409,0,0.0
Kyrgyzstan,200993,2991,0,198002,0,1.49,0.0,0.0,6524191,30807.0,200991,2,0.0
Laos,207867,745,0,207122,153,0.36,0.0,0.0,7275556,28571.0,206042,1825,0.89
Latvia,823110,5777,0,817333,384,0.7,0.0,0.0,1886202,436385.0,818030,5080,0.62
Lebanon,1097118,10392,0,1086726,74,0.95,0.0,0.0,6825442,160739.0,1096530,588,0.05
Lesotho,33134,697,0,32437,0,2.1,0.0,0.0,2142252,15467.0,32968,166,0.5
Liberia,7434,294,0,7140,0,3.95,0.0,0.0,5057677,1470.0,7434,0,0.0
Libya,501916,6430,0,495486,0,1.28,0.0,0.0,6871287,73045.0,501904,12,0.0
Liechtenstein,17214,84,0,17130,15,0.49,0.0,0.0,38137,451373.0,17126,88,0.51
Lithuania,1058779,9108,0,1049671,242,0.86,0.0,0.0,2722291,388929.0,1055645,3134,0.3
Luxembourg,239335,1068,0,238267,418,0.45,0.0,0.0,625976,382339.0,235864,3471,1.47
MS Zaandam,9,2,0,7,0,22.22,0.0,0.0,0,118981.76165803109,9,0,0.0
Madagascar,64181,1391,0,62790,0,2.17,0.0,0.0,27691019,2318.0,64152,29,0.05
Malawi,85790,2634,0,83156,0,3.07,0.0,0.0,19129955,4485.0,85752,38,0.04
Malaysia,4451781,35564,0,4416217,922,0.8,0.0,0.0,64998698,68490.0,4436912,14869,0.34
Maldives,179171,298,0,178873,0,0.17,0.0,0.0,540542,331465.0,179171,0,0.0
Mali,30860,732,0,30128,10,2.37,0.0,0.0,20250834,1524.0,30769,91,0.3
Malta,92150,702,0,91448,175,0.76,0.0,0.0,441539,208702.0,91032,1118,1.23
Marshall Islands,17,0,0,17,0,0.0,0.0,0.0,58413,291.0,17,0,0.0
Mauritania,58695,982,0,57713,1,1.67,0.0,0.0,4649660,12624.0,58686,9,0.02
Mauritius,221749,992,0,220757,0,0.45,0.0,0.0,1271767,174363.0,220344,1405,0.64
Mexico,5739680,324334,0,5415346,0,5.65,0.0,0.0,255584572,22457.0,5735115,4565,0.08
Micronesia,7,0,0,7,0,0.0,0.0,0.0,113815,62.0,3,4,133.33
Moldova,516986,11489,0,505497,0,2.22,0.0,0.0,8055380,64179.0,516986,0,0.0
Monaco,11824,57,0,11767,23,0.48,0.0,0.0,39244,301294.0,11677,147,1.26
Mongolia,920781,2179,0,918602,0,0.24,0.0,0.0,3278292,280872.0,920486,295,0.03
Montenegro,235403,2716,0,232687,65,1.15,0.0,0.0,628062,374809.0,234876,527,0.22
Morocco,1165004,16069,0,1148935,20,1.38,0.0,0.0,36910558,31563.0,1164774,230,0.02
Mozambique,225387,2201,0,223186,0,0.98,0.0,0.0,31255435,7211.0,225367,20,0.01
Namibia,158874,4025,0,154849,63,2.53,0.0,0.0,2540916,62526.0,158427,447,0.28
Nepal,978865,11951,0,966914,29,1.22,0.0,0.0,29136808,33595.0,978770,95,0.01
Netherlands,8234077,22889,0,8211188,1801,0.28,0.0,0.0,34882427,236052.0,8222837,11240,0.14
New Zealand,966462,754,0,965708,8649,0.08,0.0,0.0,4839692,199695.0,911251,55211,6.06
Nicaragua,18491,234,0,18257,0,1.27,0.0,0.0,6624554,2791.0,18491,0,0.0
Niger,8954,309,0,8645,11,3.45,0.0,0.0,24206636,370.0,8921,33,0.37
Nigeria,255766,3143,0,252623,13,1.23,0.0,0.0,399640130,640.0,255685,81,0.03
North Macedonia,309790,9282,0,300508,21,3.0,0.0,0.0,2083380,148696.0,309229,561,0.18
Norway,1426798,2932,0,1423866,307,0.21,0.0,0.0,5421242,263187.0,1424672,2126,0.15
Oman,389126,4258,0,384868,0,1.09,0.0,0.0,5106622,76200.0,389099,27,0.01
Pakistan,1527956,30369,0,1497587,0,1.99,0.0,0.0,428724125,3564.0,1527956,0,0.0
Palau,4690,6,0,4684,80,0.13,0.0,0.0,18008,260440.0,4486,204,4.55
Panama,778310,8188,0,770122,652,1.05,0.0,0.0,4314768,180383.0,772830,5480,0.71
Papua New Guinea,43821,650,0,43171,0,1.48,0.0,0.0,8947027,4898.0,43800,21,0.05
Paraguay,649455,18870,0,630585,0,2.91,0.0,0.0,7132530,91055.0,649034,421,0.06
Peru,3567171,212877,0,3354294,648,5.97,0.0,0.0,65597846,54379.0,3562300,4871,0.14
Philippines,3686216,60412,0,3625804,134,1.64,0.0,0.0,109581085,33639.0,3684835,1381,0.04
Poland,5997825,116069,0,5881756,890,1.94,0.0,0.0,76257753,78652.0,5992820,5005,0.08
Portugal,3878923,22337,0,3856586,25123,0.58,0.0,0.0,10196707,380409.0,3791744,87179,2.3
Qatar,364778,677,0,364101,50,0.19,0.0,0.0,2881060,126612.0,364371,407,0.11
Romania,2896012,65510,0,2830502,1116,2.26,0.0,0.0,38837451,74568.0,2889363,6649,0.23
Russia,17935641,368716,0,17566925,5374,2.06,0.0,0.0,292579178,61302.0,17887152,48489,0.27
Rwanda,129834,1459,0,128375,0,1.12,0.0,0.0,12952209,10024.0,129788,46,0.04
Saint Kitts and Nevis,5566,43,0,5523,0,0.77,0.0,0.0,53109,104803.0,5562,4,0.07
Saint Lucia,23482,368,0,23114,23,1.57,0.0,0.0,183629,127877.0,23285,197,0.85
Saint Vincent and the Grenadines,8425,106,0,8319,6,1.26,0.0,0.0,110854,76001.0,8404,21,0.25
Samoa,10210,20,0,10190,618,0.2,0.0,0.0,196130,52057.0,8351,1859,22.26
San Marino,16524,115,0,16409,48,0.7,0.0,0.0,33938,486888.0,16186,338,2.09
Sao Tome and Principe,5964,73,0,5891,0,1.22,0.0,0.0,219159,27213.0,5957,7,0.12
Saudi Arabia,754340,9093,0,745247,102,1.21,0.0,0.0,34813867,21668.0,753632,708,0.09
Senegal,86007,1966,0,84041,2,2.29,0.0,0.0,16743930,5137.0,85991,16,0.02
Serbia,2007554,16007,0,1991547,463,0.8,0.0,0.0,8737370,229766.0,2003334,4220,0.21
Seychelles,42548,166,0,42382,0,0.39,0.0,0.0,98340,432662.0,42474,74,0.17
Sierra Leone,7681,125,0,7556,0,1.63,0.0,0.0,7976985,963.0,7681,0,0.0
Singapore,1202546,1338,0,1201208,1570,0.11,0.0,0.0,5850343,205551.0,1187914,14632,1.23
Slovakia,2528216,19879,0,2508337,0,0.79,0.0,0.0,10823892,233577.0,2523096,5120,0.2
Slovenia,1011253,6598,0,1004655,468,0.65,0.0,0.0,2078932,486429.0,1006377,4876,0.48
Solomon Islands,15677,141,0,15536,0,0.9,0.0,0.0,652858,24013.0,14786,891,6.03
Somalia,26485,1361,0,25124,0,5.14,0.0,0.0,15893219,1666.0,26485,0,0.0
South Africa,3802198,100377,0,3701821,3785,2.64,0.0,0.0,59308690,64109.0,3769927,32271,0.86
South Sudan,17487,138,0,17349,4,0.79,0.0,0.0,11193729,1562.0,17445,42,0.24
Spain,11953481,104456,0,11849025,57329,0.87,0.0,0.0,93691843,127583.0,11833457,120024,1.01
Sri Lanka,663426,16506,0,646920,18,2.49,0.0,0.0,21413250,30982.0,663239,187,0.03
Sudan,62117,4931,0,57186,0,7.94,0.0,0.0,43849269,1417.0,62117,0,0.0
Summer Olympics 2020,865,0,0,865,0,0.0,0.0,0.0,0,118981.76165803109,865,0,0.0
Suriname,79393,1328,0,78065,57,1.67,0.0,0.0,586634,135337.0,79336,57,0.07
Sweden,2500917,18772,0,2482145,0,0.75,0.0,0.0,20426859,122433.0,2498388,2529,0.1
Switzerland,3636226,13718,0,3622508,16628,0.38,0.0,0.0,8654618,420149.0,3619598,16628,0.46
Syria,55829,3150,0,52679,4,5.64,0.0,0.0,17500657,3190.0,55803,26,0.05
Taiwan*,173942,876,0,173066,40987,0.5,0.0,0.0,23806638,7306.0,68022,105920,155.71
Tajikistan,17786,125,0,17661,0,0.7,0.0,0.0,9537642,1865.0,17786,0,0.0
Tanzania,33872,803,0,33069,0,2.37,0.0,0.0,59734213,567.0,33872,0,0.0
Thailand,4290824,28860,0,4261964,9288,0.67,0.0,0.0,69799978,61473.0,4209571,81253,1.93
Timor-Leste,22875,130,0,22745,1,0.57,0.0,0.0,1318442,17350.0,22861,14,0.06
Togo,36993,273,0,36720,2,0.74,0.0,0.0,8278737,4468.0,36981,12,0.03
Tonga,10494,11,0,10483,42,0.1,0.0,0.0,105697,99284.0,9838,656,6.67
Trinidad and Tobago,148977,3838,0,145139,347,2.58,0.0,0.0,1399491,106451.0,145597,3380,2.32
Tunisia,1040193,28550,0,1011643,0,2.74,0.0,0.0,11818618,88013.0,1040193,0,0.0
Turkey,15036110,98801,0,14937309,1193,0.66,0.0,0.0,84339067,178282.0,15023662,12448,0.08
US,81506075,994744,0,80511331,61743,1.22,0.0,0.0,330541757,246583.0,81101145,404930,0.5
Uganda,164104,3597,0,160507,0,2.19,0.0,0.0,45741000,3588.0,164069,35,0.02
Ukraine,5040518,112459,0,4928059,0,2.23,0.0,0.0,89634808,56234.0,5040518,0,0.0
United Arab Emirates,899242,2302,0,896940,209,0.26,0.0,0.0,9890400,90921.0,897558,1684,0.19
United Kingdom,22249661,175959,0,22073702,35550,0.79,0.0,0.0,135034319,164770.0,22168390,81271,0.37
Uruguay,899723,7210,0,892513,1856,0.8,0.0,0.0,3473727,259008.0,895775,3948,0.44
Uzbekistan,238628,1637,0,236991,1,0.69,0.0,0.0,33469199,7130.0,238510,118,0.05
Vanuatu,7533,13,0,7520,19,0.17,0.0,0.0,292680,25738.0,6952,581,8.36
Venezuela,522514,5709,0,516805,80,1.09,0.0,0.0,28435943,18375.0,522243,271,0.05
Vietnam,10659358,43044,0,10616314,2709,0.4,0.0,0.0,97338583,109508.0,10620203,39155,0.37
West Bank and Gaza,657060,5657,0,651403,0,0.86,0.0,0.0,4543126,144627.0,657060,0,0.0
Winter Olympics 2022,535,0,0,535,0,0.0,0.0,0.0,0,118981.76165803109,535,0,0.0
Yemen,11819,2149,0,9670,0,18.18,0.0,0.0,29825968,396.0,11818,1,0.01
Zambia,319755,3976,0,315779,0,1.24,0.0,0.0,18383956,17393.0,319431,324,0.1
Zimbabwe,247990,5470,0,242520,55,2.21,0.0,0.0,14862927,16685.0,247667,323,0.13
