Country,Confirmed,Deaths,Recovered,Active,New Cases,Deaths / 100 Cases,Recovered / 100 Cases,Deaths / 100 Recovered,Population,Cases / Million People,Confirmed last week,1 week change,1 week % increase
Afghanistan,165711,7425,0,158286,353,4.48,0.0,0.0,38928341,4257.0,161290,4421,2.74
Albania,263172,3371,0,259801,0,1.28,0.0,0.0,2877800,91449.0,254126,9046,3.56
Algeria,257598,6640,0,250958,792,2.58,0.0,0.0,43851043,5874.0,249310,8288,3.32
Andorra,36599,147,0,36452,0,0.4,0.0,0.0,77265,473681.0,35556,1043,2.93
Angola,98351,1896,0,96455,11,1.93,0.0,0.0,32866268,2992.0,98057,294,0.3
Antigua and Barbuda,6732,127,0,6605,0,1.89,0.0,0.0,97928,68744.0,6558,174,2.65
Argentina,8577215,122584,0,8454631,21836,1.43,0.0,0.0,45195777,189779.0,8313614,263601,3.17
Armenia,387490,8081,0,379409,4032,2.09,0.0,0.0,2963234,130766.0,364348,23142,6.35
Australia,2727260,4200,0,2723060,22985,0.15,0.0,0.0,50919400,53560.0,2570523,156737,6.1
Austria,2027604,14214,0,2013390,32258,0.7,0.0,0.0,9006400,225129.0,1801040,226564,12.58
Azerbaijan,691180,8846,0,682334,7704,1.28,0.0,0.0,10139175,68169.0,651341,39839,6.12
Bahamas,32715,749,0,31966,35,2.29,0.0,0.0,393248,83192.0,32486,229,0.7
Bahrain,413372,1411,0,411961,7434,0.34,0.0,0.0,1701583,242934.0,362022,51350,14.18
Bangladesh,1853187,28560,0,1824627,8359,1.54,0.0,0.0,164689383,11253.0,1773149,80038,4.51
Barbados,47777,286,0,47491,653,0.6,0.0,0.0,287371,166255.0,43481,4296,9.88
Belarus,769076,6132,0,762944,8231,0.8,0.0,0.0,9449321,81390.0,738601,30475,4.13
Belgium,3296038,29227,0,3266811,0,0.89,0.0,0.0,22985282,143398.0,3055925,240113,7.86
Belize,53544,629,0,52915,0,1.17,0.0,0.0,397621,134661.0,50487,3057,6.06
Benin,26498,163,0,26335,0,0.62,0.0,0.0,12123198,2186.0,26450,48,0.18
Bhutan,5934,4,0,5930,214,0.07,0.0,0.0,771612,7690.0,4566,1368,29.96
Bolivia,871749,21129,0,850620,4678,2.42,0.0,0.0,11673029,74681.0,847180,24569,2.9
Bosnia and Herzegovina,354325,14672,0,339653,0,4.14,0.0,0.0,3280815,107999.0,343986,10339,3.01
Botswana,256041,2585,0,253456,0,1.01,0.0,0.0,2351625,108878.0,250746,5295,2.11
Brazil,26484546,632095,0,25852451,158092,2.39,0.0,0.0,422706534,62655.0,25256198,1228348,4.86
Brunei,17404,98,0,17306,513,0.56,0.0,0.0,437483,39782.0,16345,1059,6.48
Bulgaria,993255,33728,0,959527,4737,3.4,0.0,0.0,6948445,142946.0,939212,54043,5.75
Burkina Faso,20679,372,0,20307,6,1.8,0.0,0.0,20903278,989.0,20611,68,0.33
Burma,537569,19310,0,518259,346,3.59,0.0,0.0,54409800,9880.0,535080,2489,0.47
Burundi,37562,38,0,37524,0,0.1,0.0,0.0,11890781,3159.0,37299,263,0.71
Cabo Verde,55772,396,0,55376,3,0.71,0.0,0.0,555988,100312.0,55658,114,0.2
Cambodia,121662,3015,0,118647,112,2.48,0.0,0.0,16718971,7277.0,121242,420,0.35
Cameroon,116718,1880,0,114838,0,1.61,0.0,0.0,26545864,4397.0,114113,2605,2.28
Canada,3117218,34635,0,3082583,7464,1.11,0.0,0.0,76492216,40752.0,3025283,91935,3.04
Central African Republic,14023,110,0,13913,0,0.78,0.0,0.0,4829764,2903.0,13898,125,0.9
Chad,7157,190,0,6967,0,2.65,0.0,0.0,16425859,436.0,7075,82,1.16
Chile,2335034,39930,0,2295104,38322,1.71,0.0,0.0,36692988,63637.0,2107612,227422,10.79
China,120907,4849,0,116058,296,4.01,0.0,0.0,2829703778,43.0,119707,1200,1.0
Colombia,5956350,135518,0,5820832,12567,2.28,0.0,0.0,99141018,60080.0,5855858,100492,1.72
Comoros,7928,160,0,7768,58,2.02,0.0,0.0,869595,9117.0,7829,99,1.26
Congo (Brazzaville),23705,371,0,23334,0,1.57,0.0,0.0,89561403,265.0,23653,52,0.22
Congo (Kinshasa),85510,1278,0,84232,0,1.49,0.0,0.0,5518087,15496.0,84998,512,0.6
Costa Rica,721971,7641,0,714330,0,1.06,0.0,0.0,5094114,141727.0,682480,39491,5.79
Cote d'Ivoire,80901,786,0,80115,80,0.97,0.0,0.0,26378274,3067.0,80623,278,0.34
Croatia,979000,14078,0,964922,7536,1.44,0.0,0.0,4105268,238474.0,929502,49498,5.33
Cuba,1052220,8431,0,1043789,1380,0.8,0.0,0.0,11326616,92898.0,1039842,12378,1.19
Cyprus,271420,741,0,270679,2568,0.27,0.0,0.0,1207361,224804.0,251125,20295,8.08
Czechia,3210488,37410,0,3173078,28779,1.17,0.0,0.0,10708981,299794.0,2971107,239381,8.06
Denmark,2000463,3889,0,1996574,39190,0.19,0.0,0.0,5942850,336617.0,1706529,293934,17.22
Diamond Princess,712,13,0,699,0,1.83,0.0,0.0,0,86842.23316062176,712,0,0.0
Djibouti,15510,189,0,15321,3,1.22,0.0,0.0,988002,15698.0,15440,70,0.45
Dominica,9722,51,0,9671,101,0.52,0.0,0.0,71991,135045.0,9032,690,7.64
Dominican Republic,561657,4322,0,557335,1620,0.77,0.0,0.0,10847904,51776.0,552831,8826,1.6
Ecuador,732038,34533,0,697505,0,4.72,0.0,0.0,17643060,41492.0,691898,40140,5.8
Egypt,437350,22877,0,414473,2298,5.23,0.0,0.0,102334403,4274.0,421478,15872,3.77
El Salvador,135109,3933,0,131176,0,2.91,0.0,0.0,6486201,20830.0,133262,1847,1.39
Equatorial Guinea,15845,182,0,15663,0,1.15,0.0,0.0,1402985,11294.0,15802,43,0.27
Eritrea,9631,100,0,9531,12,1.04,0.0,0.0,3546427,2716.0,9508,123,1.29
Estonia,373900,2056,0,371844,7811,0.55,0.0,0.0,1326539,281861.0,326629,47271,14.47
Eswatini,68551,1377,0,67174,11,2.01,0.0,0.0,1160164,59087.0,68329,222,0.32
Ethiopia,466455,7356,0,459099,166,1.58,0.0,0.0,114963583,4057.0,464754,1701,0.37
Fiji,63274,811,0,62463,0,1.28,0.0,0.0,896444,70583.0,62373,901,1.44
Finland,514892,2058,0,512834,0,0.4,0.0,0.0,5540718,92929.0,475431,39461,8.3
France,20731613,133372,0,20598241,214554,0.64,0.0,0.0,68128061,304304.0,18928572,1803041,9.53
Gabon,47247,302,0,46945,0,0.64,0.0,0.0,2225728,21228.0,46722,525,1.12
Gambia,11880,364,0,11516,0,3.06,0.0,0.0,2416664,4916.0,11842,38,0.32
Georgia,1295505,15174,0,1280331,23134,1.17,0.0,0.0,3989175,324755.0,1145508,149997,13.09
Germany,11065146,118722,0,10946424,127116,1.07,0.0,0.0,166310062,66533.0,9774847,1290299,13.2
Ghana,157541,1412,0,156129,321,0.9,0.0,0.0,31072945,5070.0,156690,851,0.54
Greece,2036869,23999,0,2012870,16023,1.18,0.0,0.0,10423056,195420.0,1909880,126989,6.65
Grenada,12834,211,0,12623,60,1.64,0.0,0.0,112519,114061.0,12311,523,4.25
Guatemala,709910,16495,0,693415,4296,2.32,0.0,0.0,17915567,39625.0,688326,21584,3.14
Guinea,36262,428,0,35834,14,1.18,0.0,0.0,13132792,2761.0,36013,249,0.69
Guinea-Bissau,7749,158,0,7591,0,2.04,0.0,0.0,1967998,3938.0,7576,173,2.28
Guyana,61404,1180,0,60224,296,1.92,0.0,0.0,786559,78067.0,59450,1954,3.29
Haiti,29593,804,0,28789,0,2.72,0.0,0.0,11402533,2595.0,28875,718,2.49
Holy See,29,0,0,29,0,0.0,0.0,0.0,809,35847.0,29,0,0.0
Honduras,391874,10512,0,381362,0,2.68,0.0,0.0,9904608,39565.0,391874,0,0.0
Hungary,1616846,41741,0,1575105,0,2.58,0.0,0.0,9660350,167369.0,1508358,108488,7.19
Iceland,73530,49,0,73481,0,0.07,0.0,0.0,341250,215473.0,64486,9044,14.02
India,42188138,501979,0,41686159,107474,1.19,0.0,0.0,2751341248,15334.0,41092522,1095616,2.67
Indonesia,4480423,144497,0,4335926,33729,3.23,0.0,0.0,273523621,16380.0,4330763,149660,3.46
Iran,6543837,132745,0,6411092,23130,2.03,0.0,0.0,83992953,77909.0,6322183,221654,3.51
Iraq,2244610,24499,0,2220111,4316,1.09,0.0,0.0,40222503,55805.0,2197783,46827,2.13
Ireland,1205914,6228,0,1199686,0,0.52,0.0,0.0,4937796,244221.0,1169645,36269,3.1
Israel,3142811,9138,0,3133673,31511,0.29,0.0,0.0,8655541,363098.0,2759024,383787,13.91
Italy,11542793,148542,0,11394251,93192,1.29,0.0,0.0,120822834,95535.0,10821375,721418,6.67
Jamaica,125781,2691,0,123090,264,2.14,0.0,0.0,2961161,42477.0,123047,2734,2.22
Japan,3219621,19273,0,3200348,102275,0.6,0.0,0.0,252643406,12744.0,2599599,620022,23.85
Jordan,1314243,13300,0,1300943,12751,1.01,0.0,0.0,10203140,128808.0,1197250,116993,9.77
Kazakhstan,1353048,18600,0,1334448,0,1.37,0.0,0.0,18776707,72060.0,1312308,40740,3.1
Kenya,322043,5607,0,316436,121,1.74,0.0,0.0,53771300,5989.0,321234,809,0.25
Kiribati,1387,0,0,1387,350,0.0,0.0,0.0,117606,11794.0,266,1121,421.43
"Korea, South",1009688,6873,0,1002815,38670,0.68,0.0,0.0,51269183,19694.0,828637,181051,21.85
Kosovo,216245,3037,0,213208,1721,1.4,0.0,0.0,1793000,120605.0,201955,14290,7.08
Kuwait,574587,2508,0,572079,4445,0.44,0.0,0.0,4270563,134546.0,534062,40525,7.59
Kyrgyzstan,199326,2899,0,196427,162,1.45,0.0,0.0,6524191,30552.0,197437,1889,0.96
Laos,136148,565,0,135583,488,0.41,0.0,0.0,7275556,18713.0,133218,2930,2.2
Latvia,442871,4945,0,437926,10501,1.12,0.0,0.0,1886202,234795.0,382129,60742,15.9
Lebanon,965627,9694,0,955933,8472,1.0,0.0,0.0,6825442,141475.0,907824,57803,6.37
Lesotho,32258,694,0,31564,0,2.15,0.0,0.0,2142252,15058.0,32176,82,0.25
Liberia,7276,290,0,6986,0,3.99,0.0,0.0,5057677,1439.0,7254,22,0.3
Libya,445876,6052,0,439824,0,1.36,0.0,0.0,6871287,64890.0,419543,26333,6.28
Liechtenstein,9611,74,0,9537,97,0.77,0.0,0.0,38137,252012.0,8775,836,9.53
Lithuania,740137,7969,0,732168,12968,1.08,0.0,0.0,2722291,271880.0,663810,76327,11.5
Luxembourg,165958,958,0,165000,0,0.58,0.0,0.0,625976,265119.0,153435,12523,8.16
MS Zaandam,9,2,0,7,0,22.22,0.0,0.0,0,86842.23316062176,9,0,0.0
Madagascar,61434,1307,0,60127,2115,2.13,0.0,0.0,27691019,2219.0,59319,2115,3.57
Malawi,84795,2570,0,82225,57,3.03,0.0,0.0,19129955,4433.0,84389,406,0.48
Malaysia,2904131,32025,0,2872106,9117,1.1,0.0,0.0,64998698,44680.0,2861069,43062,1.51
Maldives,148580,281,0,148299,1589,0.19,0.0,0.0,540542,274872.0,133288,15292,11.47
Mali,30156,715,0,29441,0,2.37,0.0,0.0,20250834,1489.0,30008,148,0.49
Malta,68842,565,0,68277,195,0.82,0.0,0.0,441539,155914.0,67357,1485,2.2
Marshall Islands,7,0,0,7,0,0.0,0.0,0.0,58413,120.0,7,0,0.0
Mauritania,58443,964,0,57479,36,1.65,0.0,0.0,4649660,12569.0,58129,314,0.54
Mauritius,70862,786,0,70076,0,1.11,0.0,0.0,1271767,55719.0,70734,128,0.18
Mexico,5141291,309417,0,4831874,35243,6.02,0.0,0.0,255584572,20116.0,4916143,225148,4.58
Micronesia,1,0,0,1,0,0.0,0.0,0.0,113815,9.0,1,0,0.0
Moldova,464234,10755,0,453479,3927,2.32,0.0,0.0,4033963,115081.0,438249,25985,5.93
Monaco,8761,48,0,8713,58,0.55,0.0,0.0,39244,223244.0,8183,578,7.06
Mongolia,448671,2124,0,446547,637,0.47,0.0,0.0,3278292,136861.0,442186,6485,1.47
Montenegro,222961,2599,0,220362,527,1.17,0.0,0.0,628062,354998.0,218637,4324,1.98
Morocco,1146041,15575,0,1130466,2067,1.36,0.0,0.0,36910558,31049.0,1129140,16901,1.5
Mozambique,224309,2183,0,222126,85,0.97,0.0,0.0,31255435,7177.0,223738,571,0.26
Namibia,156301,3977,0,152324,114,2.54,0.0,0.0,2540916,61514.0,155783,518,0.33
Nepal,965222,11803,0,953419,1103,1.22,0.0,0.0,29136808,33127.0,947392,17830,1.88
Netherlands,4884766,21874,0,4862892,40310,0.45,0.0,0.0,34882427,140035.0,4331167,553599,12.78
New Zealand,17775,53,0,17722,227,0.3,0.0,0.0,4839692,3673.0,16288,1487,9.13
Nicaragua,17709,221,0,17488,0,1.25,0.0,0.0,6624554,2673.0,17650,59,0.33
Niger,8682,302,0,8380,12,3.48,0.0,0.0,24206636,359.0,8648,34,0.39
Nigeria,253685,3139,0,250546,145,1.24,0.0,0.0,399640130,635.0,253001,684,0.27
North Macedonia,277137,8549,0,268588,1500,3.08,0.0,0.0,2083380,133023.0,266937,10200,3.82
Norway,883388,1467,0,881921,13143,0.17,0.0,0.0,5421242,162949.0,751021,132367,17.62
Oman,346041,4158,0,341883,0,1.2,0.0,0.0,5106622,67763.0,330767,15274,4.62
Pakistan,1459773,29478,0,1430295,4973,2.02,0.0,0.0,428724125,3405.0,1417991,41782,2.95
Palau,2495,0,0,2495,143,0.0,0.0,0.0,18008,138550.0,1404,1091,77.71
Panama,721479,7813,0,713666,0,1.08,0.0,0.0,4314768,167212.0,692634,28845,4.16
Papua New Guinea,37390,597,0,36793,0,1.6,0.0,0.0,8947027,4179.0,36866,524,1.42
Paraguay,605005,17558,0,587447,6835,2.9,0.0,0.0,7132530,84823.0,570469,34536,6.05
Peru,3349298,206891,0,3142407,18008,6.18,0.0,0.0,65597846,51058.0,3160732,188566,5.97
Philippines,3601471,54214,0,3547257,7469,1.51,0.0,0.0,109581085,32866.0,3528796,72675,2.06
Poland,5129080,106578,0,5022502,45748,2.08,0.0,0.0,76257753,67260.0,4804390,324690,6.76
Portugal,2884540,20171,0,2864369,41511,0.7,0.0,0.0,10196707,282889.0,2566551,317989,12.39
Qatar,344711,652,0,344059,903,0.19,0.0,0.0,2881060,119647.0,336081,8630,2.57
Romania,2385713,60560,0,2325153,28921,2.54,0.0,0.0,19237682,124012.0,2176726,208987,9.6
Russia,12433643,328014,0,12105629,175979,2.64,0.0,0.0,292579178,42497.0,11427009,1006634,8.81
Rwanda,129125,1446,0,127679,41,1.12,0.0,0.0,12952209,9969.0,128802,323,0.25
Saint Kitts and Nevis,5475,37,0,5438,6,0.68,0.0,0.0,53109,103090.0,5419,56,1.03
Saint Lucia,21513,341,0,21172,114,1.59,0.0,0.0,183629,117155.0,20798,715,3.44
Saint Vincent and the Grenadines,8035,99,0,7936,0,1.23,0.0,0.0,110854,72483.0,9447,-1412,-14.95
Samoa,33,0,0,33,0,0.0,0.0,0.0,196130,168.0,30,3,10.0
San Marino,13328,109,0,13219,0,0.82,0.0,0.0,33938,392716.0,12462,866,6.95
Sao Tome and Principe,5911,71,0,5840,3,1.2,0.0,0.0,219159,26971.0,5883,28,0.48
Saudi Arabia,705637,8953,0,696684,3013,1.27,0.0,0.0,34813867,20269.0,679384,26253,3.86
Senegal,85178,1955,0,83223,35,2.3,0.0,0.0,16743930,5087.0,84856,322,0.38
Serbia,1757741,13928,0,1743813,12736,0.79,0.0,0.0,8737370,201175.0,1649293,108448,6.58
Seychelles,37771,154,0,37617,0,0.41,0.0,0.0,98340,384086.0,36559,1212,3.32
Sierra Leone,7627,125,0,7502,0,1.64,0.0,0.0,7976985,956.0,7615,12,0.16
Singapore,379681,866,0,378815,0,0.23,0.0,0.0,5850343,64899.0,343832,35849,10.43
Slovakia,1686936,17938,0,1668998,26600,1.06,0.0,0.0,5459643,308983.0,1546907,140029,9.05
Slovenia,786957,5959,0,780998,12373,0.76,0.0,0.0,2078932,378539.0,688336,98621,14.33
Solomon Islands,2790,25,0,2765,433,0.9,0.0,0.0,652858,4274.0,898,1892,210.69
Somalia,26067,1335,0,24732,0,5.12,0.0,0.0,15893219,1640.0,25388,679,2.67
South Africa,3622210,95817,0,3526393,6135,2.65,0.0,0.0,59308690,61074.0,3601630,20580,0.57
South Sudan,16833,137,0,16696,0,0.81,0.0,0.0,11193729,1504.0,16779,54,0.32
Spain,10199716,94040,0,10105676,0,0.92,0.0,0.0,93691843,108865.0,9779130,420586,4.3
Sri Lanka,617189,15572,0,601617,1287,2.52,0.0,0.0,21413250,28823.0,609047,8142,1.34
Sudan,58874,3588,0,55286,0,6.09,0.0,0.0,43849269,1343.0,57106,1768,3.1
Summer Olympics 2020,865,0,0,865,0,0.0,0.0,0.0,0,86842.23316062176,865,0,0.0
Suriname,75402,1279,0,74123,150,1.7,0.0,0.0,586634,128533.0,73162,2240,3.06
Sweden,2287785,16180,0,2271605,0,0.71,0.0,0.0,20426859,111999.0,2070456,217329,10.5
Switzerland,2364613,12782,0,2351831,0,0.54,0.0,0.0,8654618,273220.0,2131077,233536,10.96
Syria,51826,3004,0,48822,85,5.8,0.0,0.0,17500657,2961.0,51284,542,1.06
Taiwan*,19101,851,0,18250,72,4.46,0.0,0.0,23806638,802.0,18681,420,2.25
Tajikistan,17733,125,0,17608,0,0.7,0.0,0.0,9537642,1859.0,17663,70,0.4
Tanzania,33230,789,0,32441,0,2.37,0.0,0.0,59734213,556.0,32920,310,0.94
Thailand,2497001,22291,0,2474710,10879,0.89,0.0,0.0,69799978,35774.0,2432534,64467,2.65
Timor-Leste,20328,122,0,20206,88,0.6,0.0,0.0,1318442,15418.0,19908,420,2.11
Togo,36557,268,0,36289,7,0.73,0.0,0.0,8278737,4416.0,36469,88,0.24
Tonga,7,0,0,7,0,0.0,0.0,0.0,105697,66.0,1,6,600.0
Trinidad and Tobago,114765,3454,0,111311,867,3.01,0.0,0.0,1399491,82005.0,110741,4024,3.63
Tunisia,940223,26612,0,913611,5511,2.83,0.0,0.0,11818618,79554.0,901107,39116,4.34
Turkey,12150567,88533,0,12062034,98715,0.73,0.0,0.0,84339067,144068.0,11438476,712091,6.23
US,76458144,902266,0,75555878,104104,1.18,0.0,0.0,330541757,231312.0,74268633,2189511,2.95
Uganda,162203,3552,0,158651,67,2.19,0.0,0.0,45741000,3546.0,161503,700,0.43
Ukraine,4452612,107907,0,4344705,43836,2.42,0.0,0.0,89634808,49675.0,4206731,245881,5.84
United Arab Emirates,855642,2262,0,853380,1991,0.26,0.0,0.0,9890400,86512.0,840739,14903,1.77
United Kingdom,17870379,158781,0,17711598,60228,0.89,0.0,0.0,134862019,132509.0,16519768,1350611,8.18
Uruguay,719948,6625,0,713323,9074,0.92,0.0,0.0,3473727,207255.0,653853,66095,10.11
Uzbekistan,227909,1581,0,226328,912,0.69,0.0,0.0,33469199,6810.0,220815,7094,3.21
Vanuatu,7,1,0,6,0,14.29,0.0,0.0,292680,24.0,7,0,0.0
Venezuela,494835,5481,0,489354,2157,1.11,0.0,0.0,28435943,17402.0,481375,13460,2.8
Vietnam,2327859,38261,0,2289598,12170,1.64,0.0,0.0,97338583,23915.0,2233287,94572,4.23
West Bank and Gaza,556550,5128,0,551422,0,0.92,0.0,0.0,4543126,122504.0,504992,51558,10.21
Winter Olympics 2022,425,0,0,425,45,0.0,0.0,0.0,0,86842.23316062176,177,248,140.11
Yemen,11149,2026,0,9123,4,18.17,0.0,0.0,29825968,374.0,10942,207,1.89
Zambia,306777,3928,0,302849,0,1.28,0.0,0.0,18383956,16687.0,304656,2121,0.7
Zimbabwe,230402,5362,0,225040,232,2.33,0.0,0.0,14862927,15502.0,229415,987,0.43
