Country,Confirmed,Deaths,Recovered,Active,New Cases,Deaths / 100 Cases,Recovered / 100 Cases,Deaths / 100 Recovered,Population,Cases / Million People,Confirmed last week,1 week change,1 week % increase
Afghanistan,182528,7723,0,174805,125,4.23,0.0,0.0,38928341,4689.0,181987,541,0.3
Albania,280851,3500,0,277351,553,1.25,0.0,0.0,2877800,97592.0,278211,2640,0.95
Algeria,266087,6875,0,259212,14,2.58,0.0,0.0,43851043,6068.0,266015,72,0.03
Andorra,43774,153,0,43621,0,0.35,0.0,0.0,77265,566544.0,43774,0,0.0
Angola,101320,1900,0,99420,0,1.88,0.0,0.0,32866268,3083.0,99761,1559,1.56
Antarctica,11,0,0,11,0,0.0,0.0,0.0,0,126865.26804123711,11,0,0.0
Antigua and Barbuda,8641,141,0,8500,16,1.63,0.0,0.0,97928,88238.0,8590,51,0.59
Argentina,9367172,129070,0,9238102,0,1.38,0.0,0.0,45195777,207258.0,9341492,25680,0.27
Armenia,423243,8629,0,414614,0,2.04,0.0,0.0,2963234,142831.0,423104,139,0.03
Australia,8164673,9930,0,8154743,33746,0.12,0.0,0.0,50919400,160345.0,7945726,218947,2.76
Austria,4459767,20048,0,4439719,12489,0.45,0.0,0.0,9006400,495178.0,4391150,68617,1.56
Azerbaijan,793176,9717,0,783459,0,1.23,0.0,0.0,10139175,78229.0,793089,87,0.01
Bahamas,35975,817,0,35158,73,2.27,0.0,0.0,393248,91482.0,35755,220,0.62
Bahrain,625856,1492,0,624364,1587,0.24,0.0,0.0,1701583,367808.0,613386,12470,2.03
Bangladesh,1973789,29149,0,1944640,2187,1.48,0.0,0.0,164689383,11985.0,1960528,13261,0.68
Barbados,84421,477,0,83944,326,0.57,0.0,0.0,287371,293770.0,83390,1031,1.24
Belarus,982867,6978,0,975889,0,0.71,0.0,0.0,9449321,104015.0,982867,0,0.0
Belgium,4246078,31918,0,4214160,20856,0.75,0.0,0.0,22985282,184730.0,4211511,34567,0.82
Belize,63966,680,0,63286,171,1.06,0.0,0.0,397621,160872.0,62875,1091,1.74
Benin,27216,163,0,27053,94,0.6,0.0,0.0,12123198,2245.0,27122,94,0.35
Bhutan,59729,21,0,59708,0,0.04,0.0,0.0,771612,77408.0,59674,55,0.09
Bolivia,926718,21953,0,904765,1622,2.37,0.0,0.0,11673029,79390.0,918551,8167,0.89
Bosnia and Herzegovina,378716,15806,0,362910,86,4.17,0.0,0.0,3280815,115434.0,378370,346,0.09
Botswana,322769,2750,0,320019,801,0.85,0.0,0.0,2351625,137254.0,318528,4241,1.33
Brazil,32358018,671416,0,31686602,151064,2.07,0.0,0.0,422706534,76550.0,31962782,395236,1.24
Brunei,163900,225,0,163675,845,0.14,0.0,0.0,437483,374643.0,158527,5373,3.39
Bulgaria,1172239,37255,0,1134984,472,3.18,0.0,0.0,6948445,168705.0,1169474,2765,0.24
Burkina Faso,21044,387,0,20657,0,1.84,0.0,0.0,20903278,1007.0,21044,0,0.0
Burma,613596,19434,0,594162,13,3.17,0.0,0.0,54409800,11277.0,613532,64,0.01
Burundi,42658,38,0,42620,116,0.09,0.0,0.0,11890781,3587.0,42542,116,0.27
Cabo Verde,60542,405,0,60137,315,0.67,0.0,0.0,555988,108891.0,58995,1547,2.62
Cambodia,136279,3056,0,133223,7,2.24,0.0,0.0,16718971,8151.0,136262,17,0.01
Cameroon,120068,1931,0,118137,0,1.61,0.0,0.0,26545864,4523.0,120002,66,0.05
Canada,3954275,41993,0,3912282,6163,1.06,0.0,0.0,76492216,51695.0,3937332,16943,0.43
Central African Republic,14649,113,0,14536,0,0.77,0.0,0.0,4829764,3033.0,14649,0,0.0
Chad,7425,193,0,7232,0,2.6,0.0,0.0,16425859,452.0,7424,1,0.01
Chile,3990693,58479,0,3932214,10896,1.47,0.0,0.0,36692988,108759.0,3924247,66446,1.69
China,2134718,14627,0,2120091,2528,0.69,0.0,0.0,2829703778,754.0,2120269,14449,0.68
Colombia,6175181,140070,0,6035111,23827,2.27,0.0,0.0,99141018,62287.0,6151354,23827,0.39
Comoros,8139,160,0,7979,0,1.97,0.0,0.0,869595,9360.0,8136,3,0.04
Congo (Brazzaville),24128,385,0,23743,0,1.6,0.0,0.0,89561403,269.0,24128,0,0.0
Congo (Kinshasa),91082,1371,0,89711,0,1.51,0.0,0.0,5518087,16506.0,91082,0,0.0
Costa Rica,904934,8525,0,896409,0,0.94,0.0,0.0,5094114,177643.0,904934,0,0.0
Cote d'Ivoire,83463,805,0,82658,154,0.96,0.0,0.0,26378274,3164.0,82905,558,0.67
Croatia,1148528,16065,0,1132463,1148,1.4,0.0,0.0,4105268,279769.0,1143354,5174,0.45
Cuba,1106023,8529,0,1097494,34,0.77,0.0,0.0,11326616,97648.0,1105846,177,0.02
Cyprus,504717,1072,0,503645,0,0.21,0.0,0.0,1207361,418033.0,497454,7263,1.46
Czechia,3933758,40318,0,3893440,1013,1.02,0.0,0.0,10708981,367333.0,3928025,5733,0.15
Denmark,3218395,6518,0,3211877,2166,0.2,0.0,0.0,5942850,541558.0,3206325,12070,0.38
Diamond Princess,712,13,0,699,0,1.83,0.0,0.0,0,126865.26804123711,712,0,0.0
Djibouti,15690,189,0,15501,0,1.2,0.0,0.0,988002,15881.0,15690,0,0.0
Dominica,14852,68,0,14784,0,0.46,0.0,0.0,71991,206304.0,14781,71,0.48
Dominican Republic,605784,4383,0,601401,0,0.72,0.0,0.0,10847904,55843.0,600410,5374,0.9
Ecuador,909882,35725,0,874157,0,3.93,0.0,0.0,17643060,51572.0,898667,11215,1.25
Egypt,515645,24723,0,490922,0,4.79,0.0,0.0,102334403,5039.0,515645,0,0.0
El Salvador,169646,4144,0,165502,0,2.44,0.0,0.0,6486201,26155.0,169646,0,0.0
Equatorial Guinea,16034,183,0,15851,0,1.14,0.0,0.0,1402985,11428.0,15962,72,0.45
Eritrea,9799,103,0,9696,3,1.05,0.0,0.0,3546427,2763.0,9785,14,0.14
Estonia,580114,2591,0,577523,0,0.45,0.0,0.0,1326539,437314.0,579316,798,0.14
Eswatini,73109,1416,0,71693,11,1.94,0.0,0.0,1160164,63016.0,73060,49,0.07
Ethiopia,488724,7536,0,481188,291,1.54,0.0,0.0,114963583,4251.0,486373,2351,0.48
Fiji,65713,866,0,64847,155,1.32,0.0,0.0,896444,73304.0,65465,248,0.38
Finland,1145610,4875,0,1140735,12013,0.43,0.0,0.0,5540718,206762.0,1133597,12013,1.06
France,31285317,150572,0,31134745,133346,0.48,0.0,0.0,68128061,459213.0,30634890,650427,2.12
Gabon,47939,305,0,47634,115,0.64,0.0,0.0,2225728,21539.0,47824,115,0.24
Gambia,12002,365,0,11637,0,3.04,0.0,0.0,2416664,4966.0,12002,0,0.0
Georgia,1660429,16841,0,1643588,0,1.01,0.0,0.0,3989175,416234.0,1659371,1058,0.06
Germany,28293960,141189,0,28152771,113099,0.5,0.0,0.0,166310062,170128.0,27681775,612185,2.21
Ghana,166133,1450,0,164683,0,0.87,0.0,0.0,31072945,5347.0,164612,1521,0.92
Greece,3676502,30232,0,3646270,15498,0.82,0.0,0.0,10423056,352728.0,3583526,92976,2.59
Grenada,18357,232,0,18125,87,1.26,0.0,0.0,112519,163146.0,18243,114,0.62
Guatemala,910714,18561,0,892153,5072,2.04,0.0,0.0,17915567,50834.0,889913,20801,2.34
Guinea,36817,442,0,36375,0,1.2,0.0,0.0,13132792,2803.0,36817,0,0.0
Guinea-Bissau,8348,171,0,8177,0,2.05,0.0,0.0,1967998,4242.0,8347,1,0.01
Guyana,67395,1254,0,66141,70,1.86,0.0,0.0,786559,85683.0,66835,560,0.84
Haiti,31550,837,0,30713,0,2.65,0.0,0.0,11402533,2767.0,31226,324,1.04
Holy See,29,0,0,29,0,0.0,0.0,0.0,809,35847.0,29,0,0.0
Honduras,427355,10906,0,416449,0,2.55,0.0,0.0,9904608,43147.0,426095,1260,0.3
Hungary,1928125,46647,0,1881478,0,2.42,0.0,0.0,9660350,199592.0,1925083,3042,0.16
Iceland,193987,153,0,193834,0,0.08,0.0,0.0,341250,568460.0,192031,1956,1.02
India,43469234,525139,0,42944095,17070,1.21,0.0,0.0,2751341248,15799.0,43362294,106940,0.25
Indonesia,6088460,156737,0,5931723,2248,2.57,0.0,0.0,273523621,22259.0,6074825,13635,0.22
Iran,7238126,141389,0,7096737,529,1.95,0.0,0.0,83992953,86175.0,7235696,2430,0.03
Iraq,2348662,25241,0,2323421,2769,1.07,0.0,0.0,40222503,58392.0,2335436,13226,0.57
Ireland,1600614,7499,0,1593115,0,0.47,0.0,0.0,4937796,324156.0,1587385,13229,0.83
Israel,4353033,10958,0,4342075,14335,0.25,0.0,0.0,8655541,502919.0,4275786,77247,1.81
Italy,18523111,168353,0,18354758,84234,0.91,0.0,0.0,120822834,153308.0,18071634,451477,2.5
Jamaica,142804,3128,0,139676,121,2.19,0.0,0.0,2961161,48226.0,142011,793,0.56
Japan,9316954,31277,0,9285677,23325,0.34,0.0,0.0,252643406,36878.0,9194660,122294,1.33
Jordan,1699197,14068,0,1685129,0,0.83,0.0,0.0,10203140,166537.0,1698316,881,0.05
Kazakhstan,1395849,19018,0,1376831,0,1.36,0.0,0.0,18776707,74339.0,1395281,568,0.04
Kenya,333694,5652,0,328042,404,1.69,0.0,0.0,53771300,6206.0,331037,2657,0.8
Kiribati,3236,13,0,3223,0,0.4,0.0,0.0,117606,27516.0,3215,21,0.65
"Korea, North",1,6,0,-5,0,600.0,0.0,0.0,25778815,0.0,1,0,0.0
"Korea, South",18368857,24555,0,18344302,9516,0.13,0.0,0.0,51269183,358283.0,18312993,55864,0.31
Kosovo,229199,3140,0,226059,149,1.37,0.0,0.0,1793000,127830.0,228635,564,0.25
Kuwait,643004,2555,0,640449,0,0.4,0.0,0.0,4270563,150567.0,640857,2147,0.34
Kyrgyzstan,201053,2991,0,198062,0,1.49,0.0,0.0,6524191,30817.0,201024,29,0.01
Laos,210292,757,0,209535,14,0.36,0.0,0.0,7275556,28904.0,210222,70,0.03
Latvia,835797,5860,0,829937,645,0.7,0.0,0.0,1886202,443111.0,832884,2913,0.35
Lebanon,1112199,10465,0,1101734,1377,0.94,0.0,0.0,6825442,162949.0,1105959,6240,0.56
Lesotho,33938,699,0,33239,0,2.06,0.0,0.0,2142252,15842.0,33938,0,0.0
Liberia,7497,294,0,7203,4,3.92,0.0,0.0,5057677,1482.0,7493,4,0.05
Libya,502138,6430,0,495708,0,1.28,0.0,0.0,6871287,73078.0,502110,28,0.01
Liechtenstein,17903,85,0,17818,6,0.47,0.0,0.0,38137,469439.0,17779,124,0.7
Lithuania,1161146,9173,0,1151973,466,0.79,0.0,0.0,2722291,426533.0,1159082,2064,0.18
Luxembourg,263387,1094,0,262293,220,0.42,0.0,0.0,625976,420762.0,258467,4920,1.9
MS Zaandam,9,2,0,7,0,22.22,0.0,0.0,0,126865.26804123711,9,0,0.0
Madagascar,65381,1398,0,63983,0,2.14,0.0,0.0,27691019,2361.0,65009,372,0.57
Malawi,86506,2645,0,83861,28,3.06,0.0,0.0,19129955,4522.0,86320,186,0.22
Malaysia,4566055,35765,0,4530290,2867,0.78,0.0,0.0,64998698,70248.0,4549847,16208,0.36
Maldives,181586,305,0,181281,0,0.17,0.0,0.0,540542,335933.0,180384,1202,0.67
Mali,31165,737,0,30428,2,2.36,0.0,0.0,20250834,1539.0,31149,16,0.05
Malta,103132,741,0,102391,539,0.72,0.0,0.0,441539,233574.0,99659,3473,3.48
Marshall Islands,18,0,0,18,0,0.0,0.0,0.0,58413,308.0,18,0,0.0
Mauritania,59814,983,0,58831,137,1.64,0.0,0.0,4649660,12864.0,59376,438,0.74
Mauritius,231036,1003,0,230033,1557,0.43,0.0,0.0,1271767,181665.0,229479,1557,0.68
Mexico,6034602,325716,0,5708886,47685,5.4,0.0,0.0,255584572,23611.0,5906953,127649,2.16
Micronesia,38,0,0,38,0,0.0,0.0,0.0,113815,334.0,38,0,0.0
Moldova,520321,11567,0,508754,0,2.22,0.0,0.0,8055380,64593.0,519741,580,0.11
Monaco,13006,58,0,12948,61,0.45,0.0,0.0,39244,331414.0,12746,260,2.04
Mongolia,928586,2179,0,926407,0,0.23,0.0,0.0,3278292,283253.0,926282,2304,0.25
Montenegro,240222,2729,0,237493,233,1.14,0.0,0.0,628062,382481.0,238925,1297,0.54
Morocco,1216909,16109,0,1200800,4003,1.32,0.0,0.0,36910558,32969.0,1195883,21026,1.76
Mozambique,227919,2212,0,225707,100,0.97,0.0,0.0,31255435,7292.0,227435,484,0.21
Namibia,169179,4064,0,165115,103,2.4,0.0,0.0,2540916,66582.0,169007,172,0.1
Nepal,979694,11952,0,967742,36,1.22,0.0,0.0,29136808,33624.0,979457,237,0.02
Netherlands,8290330,23000,0,8267330,6512,0.28,0.0,0.0,34882427,237665.0,8252995,37335,0.45
New Zealand,1351570,1474,0,1350096,7295,0.11,0.0,0.0,4839692,279268.0,1300425,51145,3.93
Nicaragua,14690,242,0,14448,0,1.65,0.0,0.0,6624554,2218.0,14619,71,0.49
Niger,9031,310,0,8721,0,3.43,0.0,0.0,24206636,373.0,9031,0,0.0
Nigeria,257290,3144,0,254146,332,1.22,0.0,0.0,399640130,644.0,256711,579,0.23
North Macedonia,314018,9325,0,304693,162,2.97,0.0,0.0,2083380,150725.0,313252,766,0.24
Norway,1447270,3337,0,1443933,706,0.23,0.0,0.0,5421242,266963.0,1442891,4379,0.3
Oman,390244,4628,0,385616,0,1.19,0.0,0.0,5106622,76419.0,390244,0,0.0
Pakistan,1536479,30395,0,1506084,694,1.98,0.0,0.0,428724125,3584.0,1533047,3432,0.22
Palau,5220,6,0,5214,0,0.11,0.0,0.0,18008,289871.0,5193,27,0.52
Panama,921364,8364,0,913000,1624,0.91,0.0,0.0,4314768,213537.0,910522,10842,1.19
Papua New Guinea,44717,662,0,44055,0,1.48,0.0,0.0,8947027,4998.0,44692,25,0.06
Paraguay,655532,18963,0,636569,0,2.89,0.0,0.0,7132530,91907.0,653428,2104,0.32
Peru,3626802,213509,0,3413293,6001,5.89,0.0,0.0,65597846,55288.0,3608565,18237,0.51
Philippines,3704407,60555,0,3643852,1307,1.63,0.0,0.0,109581085,33805.0,3698509,5898,0.16
Poland,6014992,116424,0,5898568,588,1.94,0.0,0.0,76257753,78877.0,6012289,2703,0.04
Portugal,5171236,24149,0,5147087,10375,0.47,0.0,0.0,10196707,507148.0,5109412,61824,1.21
Qatar,382635,679,0,381956,659,0.18,0.0,0.0,2881060,132810.0,378176,4459,1.18
Romania,2919461,65739,0,2853722,0,2.25,0.0,0.0,38837451,75171.0,2915487,3974,0.14
Russia,18161238,373404,0,17787834,3075,2.06,0.0,0.0,292579178,62073.0,18140893,20345,0.11
Rwanda,131021,1460,0,129561,69,1.11,0.0,0.0,12952209,10116.0,130723,298,0.23
Saint Kitts and Nevis,6065,43,0,6022,43,0.71,0.0,0.0,53109,114199.0,5941,124,2.09
Saint Lucia,27022,383,0,26639,0,1.42,0.0,0.0,183629,147155.0,26816,206,0.77
Saint Vincent and the Grenadines,9051,112,0,8939,6,1.24,0.0,0.0,110854,81648.0,9008,43,0.48
Samoa,14906,29,0,14877,0,0.19,0.0,0.0,196130,76001.0,14812,94,0.63
San Marino,18016,115,0,17901,55,0.64,0.0,0.0,33938,530850.0,17631,385,2.18
Sao Tome and Principe,6043,73,0,5970,0,1.21,0.0,0.0,219159,27574.0,6023,20,0.33
Saudi Arabia,795186,9208,0,785978,698,1.16,0.0,0.0,34813867,22841.0,788294,6892,0.87
Senegal,86325,1968,0,84357,20,2.28,0.0,0.0,16743930,5156.0,86254,71,0.08
Serbia,2029403,16126,0,2013277,921,0.79,0.0,0.0,8737370,232267.0,2024455,4948,0.24
Seychelles,44669,167,0,44502,0,0.37,0.0,0.0,98340,454230.0,44669,0,0.0
Sierra Leone,7695,125,0,7570,0,1.62,0.0,0.0,7976985,965.0,7693,2,0.03
Singapore,1444068,1413,0,1442655,9505,0.1,0.0,0.0,5850343,246835.0,1390558,53510,3.85
Slovakia,2551116,20147,0,2530969,748,0.79,0.0,0.0,10823892,235693.0,2547645,3471,0.14
Slovenia,1038716,6651,0,1032065,1002,0.64,0.0,0.0,2078932,499639.0,1033524,5192,0.5
Solomon Islands,21544,153,0,21391,0,0.71,0.0,0.0,652858,33000.0,21544,0,0.0
Somalia,26803,1361,0,25442,0,5.08,0.0,0.0,15893219,1686.0,26748,55,0.21
South Africa,3993444,101764,0,3891680,0,2.55,0.0,0.0,59308690,67333.0,3990057,3387,0.08
South Sudan,17722,138,0,17584,0,0.78,0.0,0.0,11193729,1583.0,17697,25,0.14
Spain,12734038,107906,0,12626132,0,0.85,0.0,0.0,93691843,135914.0,12613634,120404,0.95
Sri Lanka,664123,16521,0,647602,13,2.49,0.0,0.0,21413250,31015.0,664047,76,0.01
Sudan,62624,4951,0,57673,0,7.91,0.0,0.0,43849269,1428.0,62551,73,0.12
Summer Olympics 2020,865,0,0,865,0,0.0,0.0,0.0,0,126865.26804123711,865,0,0.0
Suriname,80864,1369,0,79495,0,1.69,0.0,0.0,586634,137844.0,80817,47,0.06
Sweden,2519199,19124,0,2500075,3430,0.76,0.0,0.0,20426859,123328.0,2515769,3430,0.14
Switzerland,3759730,13831,0,3745899,0,0.37,0.0,0.0,8654618,434419.0,3726615,33115,0.89
Syria,55927,3150,0,52777,1,5.63,0.0,0.0,17500657,3196.0,55919,8,0.01
Taiwan*,3767283,6651,0,3760632,38920,0.18,0.0,0.0,23806638,158245.0,3487599,279684,8.02
Tajikistan,17786,125,0,17661,0,0.7,0.0,0.0,9537642,1865.0,17786,0,0.0
Tanzania,35768,841,0,34927,402,2.35,0.0,0.0,59734213,599.0,35366,402,1.14
Thailand,4525269,30664,0,4494605,2354,0.68,0.0,0.0,69799978,64832.0,4509541,15728,0.35
Timor-Leste,22957,133,0,22824,0,0.58,0.0,0.0,1318442,17412.0,22947,10,0.04
Togo,37403,275,0,37128,21,0.74,0.0,0.0,8278737,4518.0,37299,104,0.28
Tonga,12301,12,0,12289,0,0.1,0.0,0.0,105697,116380.0,12079,222,1.84
Trinidad and Tobago,167097,4011,0,163086,118,2.4,0.0,0.0,1399491,119398.0,166420,677,0.41
Tunisia,1052180,28691,0,1023489,0,2.73,0.0,0.0,11818618,89027.0,1046703,5477,0.52
Turkey,15123331,99032,0,15024299,0,0.65,0.0,0.0,84339067,179316.0,15085742,37589,0.25
US,87627486,1017277,0,86610209,136671,1.16,0.0,0.0,330541757,265103.0,86867972,759514,0.87
Uganda,167719,3621,0,164098,73,2.16,0.0,0.0,45741000,3667.0,167217,502,0.3
Ukraine,5040518,112459,0,4928059,0,2.23,0.0,0.0,89634808,56234.0,5040518,0,0.0
United Arab Emirates,945800,2316,0,943484,1778,0.24,0.0,0.0,9890400,95628.0,933688,12112,1.3
United Kingdom,22918904,181005,0,22737899,23235,0.79,0.0,0.0,135034319,169727.0,22769958,148946,0.65
Uruguay,957629,7331,0,950298,0,0.77,0.0,0.0,3473727,275678.0,951948,5681,0.6
Uzbekistan,240764,1637,0,239127,97,0.68,0.0,0.0,33469199,7194.0,239993,771,0.32
Vanuatu,11266,14,0,11252,0,0.12,0.0,0.0,292680,38493.0,11033,233,2.11
Venezuela,526022,5732,0,520290,0,1.09,0.0,0.0,28435943,18498.0,525340,682,0.13
Vietnam,10746470,43087,0,10703383,839,0.4,0.0,0.0,97338583,110403.0,10740595,5875,0.05
West Bank and Gaza,659853,5660,0,654193,0,0.86,0.0,0.0,4543126,145242.0,658503,1350,0.21
Winter Olympics 2022,535,0,0,535,0,0.0,0.0,0.0,0,126865.26804123711,535,0,0.0
Yemen,11824,2149,0,9675,0,18.17,0.0,0.0,29825968,396.0,11824,0,0.0
Zambia,325857,4006,0,321851,359,1.23,0.0,0.0,18383956,17725.0,324922,935,0.29
Zimbabwe,255586,5555,0,250031,66,2.17,0.0,0.0,14862927,17196.0,255136,450,0.18
