Country,Confirmed,Deaths,Recovered,Active,New Cases,Deaths / 100 Cases,Recovered / 100 Cases,Deaths / 100 Recovered,Population,Cases / Million People,Confirmed last week,1 week change,1 week % increase
Afghanistan,179716,7698,0,172018,0,4.28,0.0,0.0,38928341,4617.0,179321,395,0.22
Albania,275881,3497,0,272384,17,1.27,0.0,0.0,2877800,95865.0,275621,260,0.09
Algeria,265855,6875,0,258980,1,2.59,0.0,0.0,43851043,6063.0,265823,32,0.01
Andorra,42572,153,0,42419,0,0.36,0.0,0.0,77265,550987.0,42156,416,0.99
Angola,99287,1900,0,97387,0,1.91,0.0,0.0,32866268,3021.0,99287,0,0.0
Antarctica,11,0,0,11,0,0.0,0.0,0.0,0,121362.90206185567,11,0,0.0
Antigua and Barbuda,7982,138,0,7844,40,1.73,0.0,0.0,97928,81509.0,7795,187,2.4
Argentina,9178795,128825,0,9049970,0,1.4,0.0,0.0,45195777,203090.0,9135308,43487,0.48
Armenia,422939,8624,0,414315,22,2.04,0.0,0.0,2963234,142729.0,422917,22,0.01
Australia,7025922,8178,0,7017744,42868,0.12,0.0,0.0,50919400,137981.0,6703295,322627,4.81
Austria,4273888,19865,0,4254023,7426,0.46,0.0,0.0,9006400,474539.0,4253741,20147,0.47
Azerbaijan,792714,9710,0,783004,2,1.22,0.0,0.0,10139175,78183.0,792638,76,0.01
Bahamas,34303,810,0,33493,29,2.36,0.0,0.0,393248,87230.0,33957,346,1.02
Bahrain,581866,1483,0,580383,495,0.25,0.0,0.0,1701583,341956.0,578255,3611,0.62
Bangladesh,1953264,29130,0,1924134,31,1.49,0.0,0.0,164689383,11860.0,1953049,215,0.01
Barbados,79049,440,0,78609,130,0.56,0.0,0.0,287371,275076.0,76895,2154,2.8
Belarus,982867,6978,0,975889,0,0.71,0.0,0.0,9449321,104015.0,982867,0,0.0
Belgium,4143408,31710,0,4111698,9115,0.77,0.0,0.0,22985282,180264.0,4127123,16285,0.39
Belize,58617,677,0,57940,198,1.15,0.0,0.0,397621,147419.0,58028,589,1.02
Benin,26952,163,0,26789,0,0.6,0.0,0.0,12123198,2223.0,26952,0,0.0
Bhutan,59614,21,0,59593,40,0.04,0.0,0.0,771612,77259.0,59574,40,0.07
Bolivia,907307,21945,0,885362,83,2.42,0.0,0.0,11673029,77727.0,906333,974,0.11
Bosnia and Herzegovina,377745,15785,0,361960,36,4.18,0.0,0.0,3280815,115138.0,377579,166,0.04
Botswana,306614,2692,0,303922,0,0.88,0.0,0.0,2351625,130384.0,306324,290,0.09
Brazil,30803995,665891,0,30138104,12775,2.16,0.0,0.0,422706534,72873.0,30701900,102095,0.33
Brunei,146775,222,0,146553,269,0.15,0.0,0.0,437483,335499.0,144956,1819,1.25
Bulgaria,1163706,37106,0,1126600,293,3.19,0.0,0.0,6948445,167477.0,1161992,1714,0.15
Burkina Faso,20899,384,0,20515,0,1.84,0.0,0.0,20903278,1000.0,20899,0,0.0
Burma,613227,19434,0,593793,5,3.17,0.0,0.0,54409800,11271.0,613144,83,0.01
Burundi,41850,38,0,41812,244,0.09,0.0,0.0,11890781,3520.0,41530,320,0.77
Cabo Verde,56172,401,0,55771,0,0.71,0.0,0.0,555988,101031.0,56115,57,0.1
Cambodia,136262,3056,0,133206,0,2.24,0.0,0.0,16718971,8150.0,136262,0,0.0
Cameroon,119780,1927,0,117853,0,1.61,0.0,0.0,26545864,4512.0,119780,0,0.0
Canada,3863979,40740,0,3823239,326,1.05,0.0,0.0,76492216,50515.0,3838543,25436,0.66
Central African Republic,14649,113,0,14536,0,0.77,0.0,0.0,4829764,3033.0,14649,0,0.0
Chad,7417,193,0,7224,2,2.6,0.0,0.0,16425859,452.0,7415,2,0.03
Chile,3647361,57810,0,3589551,4225,1.58,0.0,0.0,36692988,99402.0,3609338,38023,1.05
China,2401316,14594,0,2386722,4565,0.61,0.0,0.0,2829703778,849.0,2364674,36642,1.55
Colombia,6099111,139833,0,5959278,0,2.29,0.0,0.0,99141018,61520.0,6095316,3795,0.06
Comoros,8114,160,0,7954,4,1.97,0.0,0.0,869595,9331.0,8108,6,0.07
Congo (Brazzaville),24079,385,0,23694,0,1.6,0.0,0.0,89561403,269.0,24079,0,0.0
Congo (Kinshasa),87633,1338,0,86295,0,1.53,0.0,0.0,5518087,15881.0,87633,0,0.0
Costa Rica,877533,8472,0,869061,0,0.97,0.0,0.0,5094114,172264.0,866164,11369,1.31
Cote d'Ivoire,82070,799,0,81271,26,0.97,0.0,0.0,26378274,3111.0,82008,62,0.08
Croatia,1134269,15968,0,1118301,37,1.41,0.0,0.0,4105268,276296.0,1131492,2777,0.25
Cuba,1105016,8529,0,1096487,37,0.77,0.0,0.0,11326616,97559.0,1104661,355,0.03
Cyprus,488189,1057,0,487132,0,0.22,0.0,0.0,1207361,404344.0,486086,2103,0.43
Czechia,3918537,40270,0,3878267,410,1.03,0.0,0.0,10708981,365911.0,3916440,2097,0.05
Denmark,3177581,6361,0,3171220,0,0.2,0.0,0.0,5942850,534690.0,3175370,2211,0.07
Diamond Princess,712,13,0,699,0,1.83,0.0,0.0,0,121362.90206185567,712,0,0.0
Djibouti,15675,189,0,15486,0,1.21,0.0,0.0,988002,15865.0,15631,44,0.28
Dominica,13752,63,0,13689,636,0.46,0.0,0.0,71991,191024.0,13116,636,4.85
Dominican Republic,581464,4377,0,577087,311,0.75,0.0,0.0,10847904,53602.0,580661,803,0.14
Ecuador,874719,35617,0,839102,120,4.07,0.0,0.0,17643060,49579.0,872542,2177,0.25
Egypt,515645,24704,0,490941,0,4.79,0.0,0.0,102334403,5039.0,515645,0,0.0
El Salvador,162089,4131,0,157958,0,2.55,0.0,0.0,6486201,24990.0,162089,0,0.0
Equatorial Guinea,15910,183,0,15727,0,1.15,0.0,0.0,1402985,11340.0,15910,0,0.0
Eritrea,9755,103,0,9652,1,1.06,0.0,0.0,3546427,2751.0,9745,10,0.1
Estonia,575046,2561,0,572485,0,0.45,0.0,0.0,1326539,433493.0,573922,1124,0.2
Eswatini,72202,1404,0,70798,52,1.94,0.0,0.0,1160164,62234.0,71775,427,0.59
Ethiopia,471423,7512,0,463911,50,1.59,0.0,0.0,114963583,4101.0,470991,432,0.09
Fiji,64898,862,0,64036,57,1.33,0.0,0.0,896444,72395.0,64812,86,0.13
Finland,1081225,4406,0,1076819,0,0.41,0.0,0.0,5540718,195142.0,1069740,11485,1.07
France,29551335,148955,0,29402380,0,0.5,0.0,0.0,68128061,433762.0,29381085,170250,0.58
Gabon,47622,304,0,47318,0,0.64,0.0,0.0,2225728,21396.0,47608,14,0.03
Gambia,11999,365,0,11634,0,3.04,0.0,0.0,2416664,4965.0,11999,0,0.0
Georgia,1655221,16811,0,1638410,0,1.02,0.0,0.0,3989175,414928.0,1655221,0,0.0
Germany,26109965,138485,0,25971480,64437,0.53,0.0,0.0,166310062,156996.0,25818405,291560,1.13
Ghana,161351,1445,0,159906,0,0.9,0.0,0.0,31072945,5193.0,161310,41,0.03
Greece,3422233,29711,0,3392522,2235,0.87,0.0,0.0,10423056,328333.0,3395641,26592,0.78
Grenada,17234,223,0,17011,0,1.29,0.0,0.0,112519,153165.0,16512,722,4.37
Guatemala,856576,17969,0,838607,80,2.1,0.0,0.0,17915567,47812.0,852591,3985,0.47
Guinea,36661,442,0,36219,0,1.21,0.0,0.0,13132792,2792.0,36597,64,0.17
Guinea-Bissau,8246,171,0,8075,0,2.07,0.0,0.0,1967998,4190.0,8222,24,0.29
Guyana,64297,1231,0,63066,21,1.91,0.0,0.0,786559,81745.0,63861,436,0.68
Haiti,30746,835,0,29911,0,2.72,0.0,0.0,11402533,2696.0,30725,21,0.07
Holy See,29,0,0,29,0,0.0,0.0,0.0,809,35847.0,29,0,0.0
Honduras,424859,10896,0,413963,0,2.56,0.0,0.0,9904608,42895.0,424447,412,0.1
Hungary,1914697,46446,0,1868251,0,2.43,0.0,0.0,9660350,198202.0,1909948,4749,0.25
Iceland,187262,153,0,187109,0,0.08,0.0,0.0,341250,548753.0,186545,717,0.38
India,43140068,524490,0,42615578,1675,1.22,0.0,0.0,2751341248,15680.0,43125370,14698,0.03
Indonesia,6052764,156534,0,5896230,174,2.59,0.0,0.0,273523621,22129.0,6050958,1806,0.03
Iran,7230321,141281,0,7089040,268,1.95,0.0,0.0,83992953,86082.0,7228434,1887,0.03
Iraq,2327387,25218,0,2302169,118,1.08,0.0,0.0,40222503,57863.0,2326577,810,0.03
Ireland,1551835,7244,0,1544591,0,0.47,0.0,0.0,4937796,314277.0,1535451,16384,1.07
Israel,4125039,10833,0,4114206,2727,0.26,0.0,0.0,8655541,476578.0,4110592,14447,0.35
Italy,17257573,166032,0,17091541,10021,0.96,0.0,0.0,120822834,142834.0,17071649,185924,1.09
Jamaica,134660,3032,0,131628,0,2.25,0.0,0.0,2961161,45475.0,132909,1751,1.32
Japan,8632778,30336,0,8602442,18391,0.35,0.0,0.0,252643406,34170.0,8391424,241354,2.88
Jordan,1696668,14066,0,1682602,309,0.83,0.0,0.0,10203140,166289.0,1696359,309,0.02
Kazakhstan,1394803,19015,0,1375788,6,1.36,0.0,0.0,18776707,74284.0,1394715,88,0.01
Kenya,324274,5651,0,318623,32,1.74,0.0,0.0,53771300,6031.0,324046,228,0.07
Kiribati,3098,13,0,3085,0,0.42,0.0,0.0,117606,26342.0,3093,5,0.16
"Korea, North",1,6,0,-5,0,600.0,0.0,0.0,25778815,0.0,1,0,0.0
"Korea, South",17993985,24006,0,17969979,26313,0.13,0.0,0.0,51269183,350971.0,17830429,163556,0.92
Kosovo,228309,3139,0,225170,1,1.37,0.0,0.0,1793000,127334.0,228241,68,0.03
Kuwait,632781,2555,0,630226,0,0.4,0.0,0.0,4270563,148173.0,632074,707,0.11
Kyrgyzstan,200993,2991,0,198002,0,1.49,0.0,0.0,6524191,30807.0,200993,0,0.0
Laos,209744,754,0,208990,16,0.36,0.0,0.0,7275556,28829.0,209434,310,0.15
Latvia,827201,5815,0,821386,345,0.7,0.0,0.0,1886202,438554.0,826038,1163,0.14
Lebanon,1098640,10418,0,1088222,137,0.95,0.0,0.0,6825442,160962.0,1098074,566,0.05
Lesotho,33305,698,0,32607,0,2.1,0.0,0.0,2142252,15547.0,33151,154,0.46
Liberia,7455,294,0,7161,0,3.94,0.0,0.0,5057677,1474.0,7452,3,0.04
Libya,501987,6430,0,495557,33,1.28,0.0,0.0,6871287,73056.0,501954,33,0.01
Liechtenstein,17407,84,0,17323,15,0.48,0.0,0.0,38137,456433.0,17347,60,0.35
Lithuania,1061549,9134,0,1052415,16,0.86,0.0,0.0,2722291,389947.0,1060636,913,0.09
Luxembourg,244182,1073,0,243109,0,0.44,0.0,0.0,625976,390082.0,244182,0,0.0
MS Zaandam,9,2,0,7,0,22.22,0.0,0.0,0,121362.90206185567,9,0,0.0
Madagascar,64314,1393,0,62921,0,2.17,0.0,0.0,27691019,2323.0,64276,38,0.06
Malawi,85935,2638,0,83297,6,3.07,0.0,0.0,19129955,4492.0,85889,46,0.05
Malaysia,4492864,35645,0,4457219,1544,0.79,0.0,0.0,64998698,69122.0,4479809,13055,0.29
Maldives,179662,298,0,179364,102,0.17,0.0,0.0,540542,332374.0,179560,102,0.06
Mali,31057,734,0,30323,1,2.36,0.0,0.0,20250834,1534.0,31014,43,0.14
Malta,94113,718,0,93395,67,0.76,0.0,0.0,441539,213148.0,93572,541,0.58
Marshall Islands,17,0,0,17,0,0.0,0.0,0.0,58413,291.0,17,0,0.0
Mauritania,59047,982,0,58065,22,1.66,0.0,0.0,4649660,12699.0,58871,176,0.3
Mauritius,224722,996,0,223726,0,0.44,0.0,0.0,1271767,176701.0,223793,929,0.42
Mexico,5759773,324768,0,5435005,7332,5.64,0.0,0.0,255584572,22536.0,5752441,7332,0.13
Micronesia,7,0,0,7,0,0.0,0.0,0.0,113815,62.0,7,0,0.0
Moldova,518492,11521,0,506971,0,2.22,0.0,0.0,8055380,64366.0,518166,326,0.06
Monaco,12124,57,0,12067,89,0.47,0.0,0.0,39244,308939.0,12035,89,0.74
Mongolia,922618,2179,0,920439,0,0.24,0.0,0.0,3278292,281433.0,922227,391,0.04
Montenegro,236762,2719,0,234043,41,1.15,0.0,0.0,628062,376972.0,236320,442,0.19
Morocco,1166716,16075,0,1150641,88,1.38,0.0,0.0,36910558,31609.0,1165849,867,0.07
Mozambique,225586,2203,0,223383,9,0.98,0.0,0.0,31255435,7217.0,225503,83,0.04
Namibia,164953,4033,0,160920,103,2.44,0.0,0.0,2540916,64919.0,160074,4879,3.05
Nepal,979076,11952,0,967124,8,1.22,0.0,0.0,29136808,33603.0,979004,72,0.01
Netherlands,8262012,22938,0,8239074,2704,0.28,0.0,0.0,34882427,236853.0,8253161,8851,0.11
New Zealand,1119371,1032,0,1118339,8511,0.09,0.0,0.0,4839692,231290.0,1066153,53218,4.99
Nicaragua,18491,237,0,18254,0,1.28,0.0,0.0,6624554,2791.0,18491,0,0.0
Niger,9031,310,0,8721,0,3.43,0.0,0.0,24206636,373.0,9013,18,0.2
Nigeria,255937,3143,0,252794,0,1.23,0.0,0.0,399640130,640.0,255859,78,0.03
North Macedonia,311350,9297,0,302053,151,2.99,0.0,0.0,2083380,149445.0,310859,491,0.16
Norway,1431697,3094,0,1428603,406,0.22,0.0,0.0,5421242,264090.0,1430124,1573,0.11
Oman,389473,4260,0,385213,0,1.09,0.0,0.0,5106622,76268.0,389427,46,0.01
Pakistan,1529837,30379,0,1499458,0,1.99,0.0,0.0,428724125,3568.0,1529251,586,0.04
Palau,4967,6,0,4961,0,0.12,0.0,0.0,18008,275822.0,4879,88,1.8
Panama,832045,8229,0,823816,1758,0.99,0.0,0.0,4314768,192837.0,810242,21803,2.69
Papua New Guinea,44403,651,0,43752,9,1.47,0.0,0.0,8947027,4963.0,44276,127,0.29
Paraguay,650283,18885,0,631398,0,2.9,0.0,0.0,7132530,91171.0,649929,354,0.05
Peru,3576309,213116,0,3363193,267,5.96,0.0,0.0,65597846,54519.0,3571516,4793,0.13
Philippines,3689132,60455,0,3628677,191,1.64,0.0,0.0,109581085,33666.0,3688292,840,0.02
Poland,6005596,116268,0,5889328,65,1.94,0.0,0.0,76257753,78754.0,6003531,2065,0.03
Portugal,4453294,22784,0,4430510,30761,0.51,0.0,0.0,10196707,436738.0,4308574,144720,3.36
Qatar,367272,677,0,366595,173,0.18,0.0,0.0,2881060,127478.0,366343,929,0.25
Romania,2906285,65654,0,2840631,234,2.26,0.0,0.0,38837451,74832.0,2903394,2891,0.1
Russia,18030719,370795,0,17659924,4091,2.06,0.0,0.0,292579178,61627.0,17998438,32281,0.18
Rwanda,129988,1459,0,128529,10,1.12,0.0,0.0,12952209,10036.0,129931,57,0.04
Saint Kitts and Nevis,5671,43,0,5628,2,0.76,0.0,0.0,53109,106780.0,5610,61,1.09
Saint Lucia,25054,370,0,24684,97,1.48,0.0,0.0,183629,136438.0,24396,658,2.7
Saint Vincent and the Grenadines,8591,106,0,8485,0,1.23,0.0,0.0,110854,77498.0,8500,91,1.07
Samoa,12382,25,0,12357,0,0.2,0.0,0.0,196130,63132.0,11671,711,6.09
San Marino,17023,115,0,16908,32,0.68,0.0,0.0,33938,501591.0,16852,171,1.01
Sao Tome and Principe,5982,73,0,5909,9,1.22,0.0,0.0,219159,27295.0,5973,9,0.15
Saudi Arabia,763692,9131,0,754561,650,1.2,0.0,0.0,34813867,21936.0,759856,3836,0.5
Senegal,86075,1966,0,84109,2,2.28,0.0,0.0,16743930,5141.0,86045,30,0.03
Serbia,2015382,16068,0,1999314,296,0.8,0.0,0.0,8737370,230662.0,2013240,2142,0.11
Seychelles,43729,167,0,43562,0,0.38,0.0,0.0,98340,444672.0,43387,342,0.79
Sierra Leone,7682,125,0,7557,0,1.63,0.0,0.0,7976985,963.0,7682,0,0.0
Singapore,1272386,1377,0,1271009,32153,0.11,0.0,0.0,5850343,217489.0,1240233,32153,2.59
Slovakia,2540935,20081,0,2520854,464,0.79,0.0,0.0,10823892,234752.0,2539041,1894,0.07
Slovenia,1022600,6630,0,1015970,86,0.65,0.0,0.0,2078932,491887.0,1019834,2766,0.27
Solomon Islands,18174,146,0,18028,0,0.8,0.0,0.0,652858,27838.0,18174,0,0.0
Somalia,26521,1361,0,25160,0,5.13,0.0,0.0,15893219,1669.0,26518,3,0.01
South Africa,3931534,100952,0,3830582,1662,2.57,0.0,0.0,59308690,66289.0,3894745,36789,0.94
South Sudan,17573,138,0,17435,0,0.79,0.0,0.0,11193729,1570.0,17541,32,0.18
Spain,12234806,105952,0,12128854,0,0.87,0.0,0.0,93691843,130586.0,12127122,107684,0.89
Sri Lanka,663765,16512,0,647253,7,2.49,0.0,0.0,21413250,30998.0,663678,87,0.01
Sudan,62229,4939,0,57290,18,7.94,0.0,0.0,43849269,1419.0,62195,34,0.05
Summer Olympics 2020,865,0,0,865,0,0.0,0.0,0.0,0,121362.90206185567,865,0,0.0
Suriname,80240,1339,0,78901,0,1.67,0.0,0.0,586634,136780.0,80008,232,0.29
Sweden,2506607,18941,0,2487666,0,0.76,0.0,0.0,20426859,122711.0,2504894,1713,0.07
Switzerland,3659937,13790,0,3646147,0,0.38,0.0,0.0,8654618,422888.0,3649155,10782,0.3
Syria,55880,3150,0,52730,1,5.64,0.0,0.0,17500657,3193.0,55871,9,0.02
Taiwan*,1386640,1436,0,1385204,66269,0.1,0.0,0.0,23806638,58246.0,830257,556383,67.01
Tajikistan,17786,125,0,17661,0,0.7,0.0,0.0,9537642,1865.0,17786,0,0.0
Tanzania,35354,840,0,34514,0,2.38,0.0,0.0,59734213,592.0,35354,0,0.0
Thailand,4419737,29811,0,4389926,4144,0.67,0.0,0.0,69799978,63320.0,4382977,36760,0.84
Timor-Leste,22896,131,0,22765,3,0.57,0.0,0.0,1318442,17366.0,22889,7,0.03
Togo,37049,273,0,36776,3,0.74,0.0,0.0,8278737,4475.0,37023,26,0.07
Tonga,11500,11,0,11489,0,0.1,0.0,0.0,105697,108802.0,11280,220,1.95
Trinidad and Tobago,158668,3895,0,154773,443,2.45,0.0,0.0,1399491,113376.0,155384,3284,2.11
Tunisia,1041789,28628,0,1013161,0,2.75,0.0,0.0,11818618,88148.0,1041197,592,0.06
Turkey,15064220,98933,0,14965287,922,0.66,0.0,0.0,84339067,178615.0,15055576,8644,0.06
US,83390587,1002377,0,82388210,108179,1.2,0.0,0.0,330541757,252285.0,82668164,722423,0.87
Uganda,164153,3598,0,160555,0,2.19,0.0,0.0,45741000,3589.0,164153,0,0.0
Ukraine,5040518,112459,0,4928059,0,2.23,0.0,0.0,89634808,56234.0,5040518,0,0.0
United Arab Emirates,905151,2302,0,902849,321,0.25,0.0,0.0,9890400,91518.0,902803,2348,0.26
United Kingdom,22448854,178744,0,22270110,26054,0.8,0.0,0.0,135034319,166246.0,22385203,63651,0.28
Uruguay,908078,7215,0,900863,0,0.79,0.0,0.0,3473727,261413.0,902540,5538,0.61
Uzbekistan,238940,1637,0,237303,11,0.69,0.0,0.0,33469199,7139.0,238818,122,0.05
Vanuatu,8682,14,0,8668,16,0.16,0.0,0.0,292680,29664.0,8464,218,2.58
Venezuela,523377,5716,0,517661,34,1.09,0.0,0.0,28435943,18405.0,523059,318,0.06
Vietnam,10710066,43076,0,10666990,1179,0.4,0.0,0.0,97338583,110029.0,10698180,11886,0.11
West Bank and Gaza,657573,5660,0,651913,117,0.86,0.0,0.0,4543126,144740.0,657329,244,0.04
Winter Olympics 2022,535,0,0,535,0,0.0,0.0,0.0,0,121362.90206185567,535,0,0.0
Yemen,11819,2149,0,9670,0,18.18,0.0,0.0,29825968,396.0,11819,0,0.0
Zambia,321195,3985,0,317210,49,1.24,0.0,0.0,18383956,17471.0,320680,515,0.16
Zimbabwe,250702,5495,0,245207,60,2.19,0.0,0.0,14862927,16868.0,249431,1271,0.51
