Country,Confirmed,Deaths,Recovered,Active,New Cases,Deaths / 100 Cases,Recovered / 100 Cases,Deaths / 100 Recovered,Population,Cases / Million People,Confirmed last week,1 week change,1 week % increase
Afghanistan,181178,7710,0,173468,58,4.26,0.0,0.0,38928341,4654.0,180741,437,0.24
Albania,276821,3497,0,273324,90,1.26,0.0,0.0,2877800,96192.0,276468,353,0.13
Algeria,265943,6875,0,259068,6,2.59,0.0,0.0,43851043,6065.0,265904,39,0.01
Andorra,43224,153,0,43071,0,0.35,0.0,0.0,77265,559425.0,43067,157,0.36
Angola,99761,1900,0,97861,0,1.9,0.0,0.0,32866268,3035.0,99761,0,0.0
Antarctica,11,0,0,11,0,0.0,0.0,0.0,0,124161.69072164949,11,0,0.0
Antigua and Barbuda,8537,140,0,8397,6,1.64,0.0,0.0,97928,87176.0,8378,159,1.9
Argentina,9313453,128994,0,9184459,36835,1.39,0.0,0.0,45195777,206069.0,9276618,36835,0.4
Armenia,423044,8629,0,414415,38,2.04,0.0,0.0,2963234,142764.0,423006,38,0.01
Australia,7691710,9146,0,7682564,30960,0.12,0.0,0.0,50919400,151057.0,7509648,182062,2.42
Austria,4330667,19973,0,4310694,2827,0.46,0.0,0.0,9006400,480843.0,4306509,24158,0.56
Azerbaijan,792785,9713,0,783072,0,1.23,0.0,0.0,10139175,78190.0,792785,0,0.0
Bahamas,35351,812,0,34539,0,2.3,0.0,0.0,393248,89895.0,35099,252,0.72
Bahrain,598552,1490,0,597062,1368,0.25,0.0,0.0,1701583,351762.0,590806,7746,1.31
Bangladesh,1954405,29131,0,1925274,162,1.49,0.0,0.0,164689383,11867.0,1953754,651,0.03
Barbados,82449,468,0,81981,131,0.57,0.0,0.0,287371,286908.0,81622,827,1.01
Belarus,982867,6978,0,975889,0,0.71,0.0,0.0,9449321,104015.0,982867,0,0.0
Belgium,4177440,31835,0,4145605,0,0.76,0.0,0.0,22985282,181744.0,4164698,12742,0.31
Belize,61150,678,0,60472,0,1.11,0.0,0.0,397621,153790.0,60287,863,1.43
Benin,26952,163,0,26789,0,0.6,0.0,0.0,12123198,2223.0,26952,0,0.0
Bhutan,59644,21,0,59623,0,0.04,0.0,0.0,771612,77298.0,59636,8,0.01
Bolivia,913362,21951,0,891411,493,2.4,0.0,0.0,11673029,78246.0,910832,2530,0.28
Bosnia and Herzegovina,378112,15795,0,362317,0,4.18,0.0,0.0,3280815,115249.0,378022,90,0.02
Botswana,314242,2709,0,311533,3811,0.86,0.0,0.0,2351625,133628.0,310431,3811,1.23
Brazil,31541479,668354,0,30873125,44441,2.12,0.0,0.0,422706534,74618.0,31266163,275316,0.88
Brunei,154133,225,0,153908,522,0.15,0.0,0.0,437483,352318.0,151161,2972,1.97
Bulgaria,1167314,37206,0,1130108,167,3.19,0.0,0.0,6948445,167996.0,1166316,998,0.09
Burkina Faso,20899,384,0,20515,0,1.84,0.0,0.0,20903278,1000.0,20899,0,0.0
Burma,613460,19434,0,594026,8,3.17,0.0,0.0,54409800,11275.0,613397,63,0.01
Burundi,42330,38,0,42292,33,0.09,0.0,0.0,11890781,3560.0,42248,82,0.19
Cabo Verde,57262,402,0,56860,166,0.7,0.0,0.0,555988,102991.0,56635,627,1.11
Cambodia,136262,3056,0,133206,0,2.24,0.0,0.0,16718971,8150.0,136262,0,0.0
Cameroon,119947,1930,0,118017,0,1.61,0.0,0.0,26545864,4518.0,119947,0,0.0
Canada,3918250,41604,0,3876646,2417,1.06,0.0,0.0,76492216,51224.0,3902236,16014,0.41
Central African Republic,14649,113,0,14536,0,0.77,0.0,0.0,4829764,3033.0,14649,0,0.0
Chad,7420,193,0,7227,0,2.6,0.0,0.0,16425859,452.0,7418,2,0.03
Chile,3834020,58119,0,3775901,4901,1.52,0.0,0.0,36692988,104489.0,3760891,73129,1.94
China,2107342,14617,0,2092725,1054,0.69,0.0,0.0,2829703778,745.0,2101049,6293,0.3
Colombia,6117847,139894,0,5977953,0,2.29,0.0,0.0,99141018,61709.0,6109105,8742,0.14
Comoros,8131,160,0,7971,0,1.97,0.0,0.0,869595,9350.0,8126,5,0.06
Congo (Brazzaville),24128,385,0,23743,0,1.6,0.0,0.0,89561403,269.0,24128,0,0.0
Congo (Kinshasa),89932,1345,0,88587,0,1.5,0.0,0.0,5518087,16298.0,89189,743,0.83
Costa Rica,904934,8525,0,896409,0,0.94,0.0,0.0,5094114,177643.0,904934,0,0.0
Cote d'Ivoire,82492,799,0,81693,0,0.97,0.0,0.0,26378274,3127.0,82309,183,0.22
Croatia,1140078,16020,0,1124058,243,1.41,0.0,0.0,4105268,277711.0,1138278,1800,0.16
Cuba,1105643,8529,0,1097114,12,0.77,0.0,0.0,11326616,97615.0,1105490,153,0.01
Cyprus,493984,1068,0,492916,0,0.22,0.0,0.0,1207361,409144.0,491777,2207,0.45
Czechia,3923943,40303,0,3883640,454,1.03,0.0,0.0,10708981,366416.0,3921844,2099,0.05
Denmark,3193607,6466,0,3187141,1159,0.2,0.0,0.0,5942850,537386.0,3187294,6313,0.2
Diamond Princess,712,13,0,699,0,1.83,0.0,0.0,0,124161.69072164949,712,0,0.0
Djibouti,15690,189,0,15501,0,1.2,0.0,0.0,988002,15881.0,15675,15,0.1
Dominica,14717,67,0,14650,79,0.46,0.0,0.0,71991,204428.0,14295,422,2.95
Dominican Republic,593324,4382,0,588942,746,0.74,0.0,0.0,10847904,54695.0,588408,4916,0.84
Ecuador,890852,35659,0,855193,0,4.0,0.0,0.0,17643060,50493.0,885318,5534,0.63
Egypt,515645,24720,0,490925,0,4.79,0.0,0.0,102334403,5039.0,515645,0,0.0
El Salvador,164134,4135,0,159999,0,2.52,0.0,0.0,6486201,25305.0,164134,0,0.0
Equatorial Guinea,15945,183,0,15762,0,1.15,0.0,0.0,1402985,11365.0,15927,18,0.11
Eritrea,9773,103,0,9670,2,1.05,0.0,0.0,3546427,2756.0,9768,5,0.05
Estonia,578494,2586,0,575908,839,0.45,0.0,0.0,1326539,436093.0,577655,839,0.15
Eswatini,72935,1410,0,71525,31,1.93,0.0,0.0,1160164,62866.0,72749,186,0.26
Ethiopia,480450,7517,0,472933,966,1.56,0.0,0.0,114963583,4179.0,475764,4686,0.98
Fiji,65217,865,0,64352,0,1.33,0.0,0.0,896444,72751.0,65103,114,0.18
Finland,1114573,4714,0,1109859,0,0.42,0.0,0.0,5540718,201160.0,1105211,9362,0.85
France,30123426,149937,0,29973489,176779,0.5,0.0,0.0,68128061,442159.0,29852463,270963,0.91
Gabon,47711,304,0,47407,0,0.64,0.0,0.0,2225728,21436.0,47677,34,0.07
Gambia,12002,365,0,11637,0,3.04,0.0,0.0,2416664,4966.0,12002,0,0.0
Georgia,1658240,16835,0,1641405,0,1.02,0.0,0.0,3989175,415685.0,1658240,0,0.0
Germany,27007429,140026,0,26867403,92344,0.52,0.0,0.0,166310062,162392.0,26583016,424413,1.6
Ghana,162646,1445,0,161201,711,0.89,0.0,0.0,31072945,5234.0,161841,805,0.5
Greece,3508610,30033,0,3478577,8121,0.86,0.0,0.0,10423056,336620.0,3478779,29831,0.86
Grenada,18115,231,0,17884,80,1.28,0.0,0.0,112519,160995.0,17948,167,0.93
Guatemala,872788,18309,0,854479,1525,2.1,0.0,0.0,17915567,48717.0,865900,6888,0.8
Guinea,36817,442,0,36375,0,1.2,0.0,0.0,13132792,2803.0,36764,53,0.14
Guinea-Bissau,8307,171,0,8136,1,2.06,0.0,0.0,1967998,4221.0,8290,17,0.21
Guyana,66009,1242,0,64767,83,1.88,0.0,0.0,786559,83921.0,65422,587,0.9
Haiti,31034,837,0,30197,30,2.7,0.0,0.0,11402533,2722.0,30940,94,0.3
Holy See,29,0,0,29,0,0.0,0.0,0.0,809,35847.0,29,0,0.0
Honduras,425655,10902,0,414753,0,2.56,0.0,0.0,9904608,42975.0,425471,184,0.04
Hungary,1921486,46571,0,1874915,0,2.42,0.0,0.0,9660350,198904.0,1919840,1646,0.09
Iceland,190643,153,0,190490,629,0.08,0.0,0.0,341250,558661.0,189319,1324,0.7
India,43245517,524792,0,42720725,8822,1.21,0.0,0.0,2751341248,15718.0,43190282,55235,0.13
Indonesia,6062009,156662,0,5905347,930,2.58,0.0,0.0,273523621,22163.0,6057660,4349,0.07
Iran,7234042,141353,0,7092689,162,1.95,0.0,0.0,83992953,86127.0,7232929,1113,0.02
Iraq,2330393,25224,0,2305169,344,1.08,0.0,0.0,40222503,57938.0,2328957,1436,0.06
Ireland,1570519,7416,0,1563103,0,0.47,0.0,0.0,4937796,318061.0,1565970,4549,0.29
Israel,4198194,10882,0,4187312,8344,0.26,0.0,0.0,8655541,485030.0,4159589,38605,0.93
Italy,17703887,167505,0,17536382,39844,0.95,0.0,0.0,120822834,146528.0,17543136,160751,0.92
Jamaica,140754,3091,0,137663,84,2.2,0.0,0.0,2961161,47533.0,139203,1551,1.11
Japan,9062918,30938,0,9031980,15314,0.34,0.0,0.0,252643406,35872.0,8960177,102741,1.15
Jordan,1697673,14068,0,1683605,402,0.83,0.0,0.0,10203140,166387.0,1697271,402,0.02
Kazakhstan,1395068,19017,0,1376051,7,1.36,0.0,0.0,18776707,74298.0,1394997,71,0.01
Kenya,327425,5651,0,321774,280,1.73,0.0,0.0,53771300,6089.0,325797,1628,0.5
Kiribati,3215,13,0,3202,6,0.4,0.0,0.0,117606,27337.0,3183,32,1.01
"Korea, North",1,6,0,-5,0,600.0,0.0,0.0,25778815,0.0,1,0,0.0
"Korea, South",18248479,24399,0,18224080,9423,0.13,0.0,0.0,51269183,355935.0,18188200,60279,0.33
Kosovo,228450,3139,0,225311,8,1.37,0.0,0.0,1793000,127412.0,228397,53,0.02
Kuwait,637061,2555,0,634506,821,0.4,0.0,0.0,4270563,149175.0,634537,2524,0.4
Kyrgyzstan,200993,2991,0,198002,0,1.49,0.0,0.0,6524191,30807.0,200993,0,0.0
Laos,210164,757,0,209407,6,0.36,0.0,0.0,7275556,28886.0,210098,66,0.03
Latvia,830977,5841,0,825136,279,0.7,0.0,0.0,1886202,440556.0,829640,1337,0.16
Lebanon,1101508,10447,0,1091061,261,0.95,0.0,0.0,6825442,161383.0,1099896,1612,0.15
Lesotho,33746,699,0,33047,0,2.07,0.0,0.0,2142252,15753.0,33562,184,0.55
Liberia,7460,294,0,7166,1,3.94,0.0,0.0,5057677,1475.0,7456,4,0.05
Libya,502076,6430,0,495646,0,1.28,0.0,0.0,6871287,73069.0,502040,36,0.01
Liechtenstein,17628,85,0,17543,0,0.48,0.0,0.0,38137,462228.0,17568,60,0.34
Lithuania,1064308,9155,0,1055153,244,0.86,0.0,0.0,2722291,390960.0,1063297,1011,0.1
Luxembourg,252693,1084,0,251609,820,0.43,0.0,0.0,625976,403678.0,249319,3374,1.35
MS Zaandam,9,2,0,7,0,22.22,0.0,0.0,0,124161.69072164949,9,0,0.0
Madagascar,64685,1396,0,63289,0,2.16,0.0,0.0,27691019,2336.0,64478,207,0.32
Malawi,86134,2642,0,83492,27,3.07,0.0,0.0,19129955,4503.0,86036,98,0.11
Malaysia,4530312,35720,0,4494592,1922,0.79,0.0,0.0,64998698,69699.0,4517447,12865,0.28
Maldives,179979,299,0,179680,0,0.17,0.0,0.0,540542,332960.0,179837,142,0.08
Mali,31132,736,0,30396,5,2.36,0.0,0.0,20250834,1537.0,31115,17,0.05
Malta,96490,728,0,95762,200,0.75,0.0,0.0,441539,218531.0,95365,1125,1.18
Marshall Islands,18,0,0,18,0,0.0,0.0,0.0,58413,308.0,18,0,0.0
Mauritania,59260,982,0,58278,8,1.66,0.0,0.0,4649660,12745.0,59212,48,0.08
Mauritius,227442,1000,0,226442,0,0.44,0.0,0.0,1271767,178839.0,226851,591,0.26
Mexico,5833738,325242,0,5508496,9894,5.58,0.0,0.0,255584572,22825.0,5797427,36311,0.63
Micronesia,35,0,0,35,0,0.0,0.0,0.0,113815,308.0,34,1,2.94
Moldova,519234,11554,0,507680,0,2.23,0.0,0.0,8055380,64458.0,519001,233,0.04
Monaco,12514,57,0,12457,0,0.46,0.0,0.0,39244,318877.0,12360,154,1.25
Mongolia,926282,2179,0,924103,0,0.24,0.0,0.0,3278292,282550.0,925227,1055,0.11
Montenegro,238043,2722,0,235321,98,1.14,0.0,0.0,628062,379012.0,237634,409,0.17
Morocco,1177842,16083,0,1161759,1677,1.37,0.0,0.0,36910558,31911.0,1171034,6808,0.58
Mozambique,226631,2208,0,224423,150,0.97,0.0,0.0,31255435,7251.0,226065,566,0.25
Namibia,168448,4049,0,164399,0,2.4,0.0,0.0,2540916,66294.0,167565,883,0.53
Nepal,979278,11952,0,967326,7,1.22,0.0,0.0,29136808,33610.0,979213,65,0.01
Netherlands,8214642,22951,0,8191691,2874,0.28,0.0,0.0,34882427,235495.0,8198019,16623,0.2
New Zealand,1260280,1296,0,1258984,5711,0.1,0.0,0.0,4839692,260405.0,1219257,41023,3.36
Nicaragua,14577,240,0,14337,0,1.65,0.0,0.0,6624554,2200.0,14538,39,0.27
Niger,9031,310,0,8721,0,3.43,0.0,0.0,24206636,373.0,9031,0,0.0
Nigeria,256404,3144,0,253260,52,1.23,0.0,0.0,399640130,642.0,256227,177,0.07
North Macedonia,312673,9316,0,303357,66,2.98,0.0,0.0,2083380,150080.0,312345,328,0.11
Norway,1437767,3210,0,1434557,424,0.22,0.0,0.0,5421242,265210.0,1435285,2482,0.17
Oman,389758,4260,0,385498,0,1.09,0.0,0.0,5106622,76324.0,389473,285,0.07
Pakistan,1531437,30381,0,1501056,163,1.98,0.0,0.0,428724125,3572.0,1530878,559,0.04
Palau,5165,6,0,5159,20,0.12,0.0,0.0,18008,286817.0,5126,39,0.76
Panama,894844,8312,0,886532,2389,0.93,0.0,0.0,4314768,207391.0,879009,15835,1.8
Papua New Guinea,44675,658,0,44017,13,1.47,0.0,0.0,8947027,4993.0,44639,36,0.08
Paraguay,652044,18932,0,633112,0,2.9,0.0,0.0,7132530,91418.0,651268,776,0.12
Peru,3592765,213343,0,3379422,949,5.94,0.0,0.0,65597846,54770.0,3586242,6523,0.18
Philippines,3693865,60461,0,3633404,257,1.64,0.0,0.0,109581085,33709.0,3691892,1973,0.05
Poland,6010411,116380,0,5894031,321,1.94,0.0,0.0,76257753,78817.0,6009003,1408,0.02
Portugal,4985742,23707,0,4962035,68615,0.48,0.0,0.0,10196707,488956.0,4846230,139512,2.88
Qatar,373178,677,0,372501,474,0.18,0.0,0.0,2881060,129528.0,370551,2627,0.71
Romania,2912705,65714,0,2846991,0,2.26,0.0,0.0,38837451,74997.0,2911170,1535,0.05
Russia,18113989,372452,0,17741537,2749,2.06,0.0,0.0,292579178,61911.0,18090459,23530,0.13
Rwanda,130413,1459,0,128954,38,1.12,0.0,0.0,12952209,10069.0,130215,198,0.15
Saint Kitts and Nevis,5873,43,0,5830,21,0.73,0.0,0.0,53109,110584.0,5811,62,1.07
Saint Lucia,26629,376,0,26253,45,1.41,0.0,0.0,183629,145015.0,26234,395,1.51
Saint Vincent and the Grenadines,8916,109,0,8807,33,1.22,0.0,0.0,110854,80430.0,8807,109,1.24
Samoa,14422,28,0,14394,107,0.19,0.0,0.0,196130,73533.0,13924,498,3.58
San Marino,17124,115,0,17009,0,0.67,0.0,0.0,33938,504567.0,17124,0,0.0
Sao Tome and Principe,6010,73,0,5937,0,1.21,0.0,0.0,219159,27423.0,6003,7,0.12
Saudi Arabia,780135,9176,0,770959,1152,1.18,0.0,0.0,34813867,22409.0,773221,6914,0.89
Senegal,86175,1967,0,84208,5,2.28,0.0,0.0,16743930,5147.0,86140,35,0.04
Serbia,2020952,16103,0,2004849,356,0.8,0.0,0.0,8737370,231300.0,2019171,1781,0.09
Seychelles,44397,167,0,44230,34,0.38,0.0,0.0,98340,451464.0,44199,198,0.45
Sierra Leone,7685,125,0,7560,0,1.63,0.0,0.0,7976985,963.0,7682,3,0.04
Singapore,1348775,1401,0,1347374,5130,0.1,0.0,0.0,5850343,230546.0,1325623,23152,1.75
Slovakia,2545137,20119,0,2525018,314,0.79,0.0,0.0,10823892,235141.0,2543763,1374,0.05
Slovenia,1028943,6645,0,1022298,567,0.65,0.0,0.0,2078932,494938.0,1026834,2109,0.21
Solomon Islands,21237,149,0,21088,0,0.7,0.0,0.0,652858,32529.0,21237,0,0.0
Somalia,26675,1361,0,25314,0,5.1,0.0,0.0,15893219,1678.0,26565,110,0.41
South Africa,3979836,101550,0,3878286,710,2.55,0.0,0.0,59308690,67104.0,3970993,8843,0.22
South Sudan,17659,138,0,17521,15,0.78,0.0,0.0,11193729,1578.0,17630,29,0.16
Spain,12515127,107239,0,12407888,36133,0.86,0.0,0.0,93691843,133578.0,12436538,78589,0.63
Sri Lanka,663965,16519,0,647446,5,2.49,0.0,0.0,21413250,31007.0,663895,70,0.01
Sudan,62475,4950,0,57525,0,7.92,0.0,0.0,43849269,1425.0,62399,76,0.12
Summer Olympics 2020,865,0,0,865,0,0.0,0.0,0.0,0,124161.69072164949,865,0,0.0
Suriname,80766,1355,0,79411,93,1.68,0.0,0.0,586634,137677.0,80673,93,0.12
Sweden,2510930,19049,0,2491881,0,0.76,0.0,0.0,20426859,122923.0,2509366,1564,0.06
Switzerland,3701895,13817,0,3688078,16614,0.37,0.0,0.0,8654618,427736.0,3685281,16614,0.45
Syria,55908,3150,0,52758,1,5.63,0.0,0.0,17500657,3195.0,55899,9,0.02
Taiwan*,3003501,4403,0,2999098,66138,0.15,0.0,0.0,23806638,126162.0,2540871,462630,18.21
Tajikistan,17786,125,0,17661,0,0.7,0.0,0.0,9537642,1865.0,17786,0,0.0
Tanzania,35354,840,0,34514,0,2.38,0.0,0.0,59734213,592.0,35354,0,0.0
Thailand,4490760,30386,0,4460374,2263,0.68,0.0,0.0,69799978,64338.0,4473867,16893,0.38
Timor-Leste,22940,133,0,22807,7,0.58,0.0,0.0,1318442,17399.0,22928,12,0.05
Togo,37210,273,0,36937,10,0.73,0.0,0.0,8278737,4495.0,37142,68,0.18
Tonga,11909,12,0,11897,0,0.1,0.0,0.0,105697,112671.0,11890,19,0.16
Trinidad and Tobago,164950,3967,0,160983,121,2.4,0.0,0.0,1399491,117864.0,163178,1772,1.09
Tunisia,1044426,28655,0,1015771,886,2.74,0.0,0.0,11818618,88371.0,1043540,886,0.08
Turkey,15085742,98996,0,14986746,7556,0.66,0.0,0.0,84339067,178870.0,15078186,7556,0.05
US,85758638,1011925,0,84746713,125830,1.18,0.0,0.0,330541757,259449.0,85026595,732043,0.86
Uganda,166378,3605,0,162773,59,2.17,0.0,0.0,45741000,3637.0,165734,644,0.39
Ukraine,5040518,112459,0,4928059,0,2.23,0.0,0.0,89634808,56234.0,5040518,0,0.0
United Arab Emirates,920171,2305,0,917866,1356,0.25,0.0,0.0,9890400,93037.0,912086,8085,0.89
United Kingdom,22612173,180030,0,22432143,12028,0.8,0.0,0.0,135034319,167455.0,22537186,74987,0.33
Uruguay,943877,7290,0,936587,0,0.77,0.0,0.0,3473727,271719.0,934961,8916,0.95
Uzbekistan,239280,1637,0,237643,8,0.68,0.0,0.0,33469199,7149.0,239141,139,0.06
Vanuatu,10695,14,0,10681,120,0.13,0.0,0.0,292680,36542.0,10239,456,4.45
Venezuela,524321,5724,0,518597,0,1.09,0.0,0.0,28435943,18439.0,523969,352,0.07
Vietnam,10733285,43083,0,10690202,856,0.4,0.0,0.0,97338583,110268.0,10727005,6280,0.06
West Bank and Gaza,657879,5660,0,652219,0,0.86,0.0,0.0,4543126,144808.0,657879,0,0.0
Winter Olympics 2022,535,0,0,535,0,0.0,0.0,0.0,0,124161.69072164949,535,0,0.0
Yemen,11822,2149,0,9673,0,18.18,0.0,0.0,29825968,396.0,11822,0,0.0
Zambia,323337,3989,0,319348,54,1.23,0.0,0.0,18383956,17588.0,322562,775,0.24
Zimbabwe,254155,5521,0,248634,0,2.17,0.0,0.0,14862927,17100.0,253637,518,0.2
