Country,Confirmed,Deaths,Recovered,Active,New Cases,Deaths / 100 Cases,Recovered / 100 Cases,Deaths / 100 Recovered,Population,Cases / Million People,Confirmed last week,1 week change,1 week % increase
Afghanistan,179010,7685,0,171325,29,4.29,0.0,0.0,38928341,4598.0,178901,109,0.06
Albania,275372,3497,0,271875,6,1.27,0.0,0.0,2877800,95688.0,275177,195,0.07
Algeria,265800,6875,0,258925,2,2.59,0.0,0.0,43851043,6061.0,265782,18,0.01
Andorra,41717,153,0,41564,0,0.37,0.0,0.0,77265,539921.0,41349,368,0.89
Angola,99287,1900,0,97387,0,1.91,0.0,0.0,32866268,3021.0,99287,0,0.0
Antarctica,11,0,0,11,0,0.0,0.0,0.0,0,119760.64248704663,11,0,0.0
Antigua and Barbuda,7663,137,0,7526,0,1.79,0.0,0.0,97928,78251.0,7626,37,0.49
Argentina,9101319,128729,0,8972590,0,1.41,0.0,0.0,45195777,201375.0,9083673,17646,0.19
Armenia,422896,8623,0,414273,19,2.04,0.0,0.0,2963234,142714.0,422874,22,0.01
Australia,6334964,7559,0,6327405,48033,0.12,0.0,0.0,50919400,124412.0,6030240,304724,5.05
Austria,4185678,18249,0,4167429,4133,0.44,0.0,0.0,9006400,464745.0,4149004,36674,0.88
Azerbaijan,792632,9709,0,782923,2,1.22,0.0,0.0,10139175,78175.0,792579,53,0.01
Bahamas,33748,798,0,32950,53,2.36,0.0,0.0,393248,85819.0,33582,166,0.49
Bahrain,573757,1477,0,572280,947,0.26,0.0,0.0,1701583,337190.0,569370,4387,0.77
Bangladesh,1952829,29127,0,1923702,30,1.49,0.0,0.0,164689383,11858.0,1952726,103,0.01
Barbados,73856,430,0,73426,264,0.58,0.0,0.0,287371,257006.0,70793,3063,4.33
Belarus,982331,6969,0,975362,0,0.71,0.0,0.0,9449321,103958.0,980345,1986,0.2
Belgium,4102082,31580,0,4070502,13746,0.77,0.0,0.0,22985282,178466.0,4071279,30803,0.76
Belize,57675,676,0,56999,63,1.17,0.0,0.0,397621,145050.0,57497,178,0.31
Benin,26952,163,0,26789,0,0.6,0.0,0.0,12123198,2223.0,26952,0,0.0
Bhutan,59512,21,0,59491,15,0.04,0.0,0.0,771612,77127.0,59247,265,0.45
Bolivia,905453,21925,0,883528,0,2.42,0.0,0.0,11673029,77568.0,905074,379,0.04
Bosnia and Herzegovina,377345,15768,0,361577,69,4.18,0.0,0.0,3280815,115016.0,377087,258,0.07
Botswana,306200,2690,0,303510,0,0.88,0.0,0.0,2351625,130208.0,305984,216,0.07
Brazil,30574245,664426,0,29909819,9709,2.17,0.0,0.0,422706534,72330.0,30460997,113248,0.37
Brunei,143107,219,0,142888,249,0.15,0.0,0.0,437483,327114.0,141911,1196,0.84
Bulgaria,1159925,36994,0,1122931,624,3.19,0.0,0.0,6948445,166933.0,1157199,2726,0.24
Burkina Faso,20899,384,0,20515,34,1.84,0.0,0.0,20903278,1000.0,20865,34,0.16
Burma,613056,19434,0,593622,3,3.17,0.0,0.0,54409800,11267.0,612914,142,0.02
Burundi,40845,38,0,40807,109,0.09,0.0,0.0,11890781,3435.0,40397,448,1.11
Cabo Verde,56075,401,0,55674,10,0.72,0.0,0.0,555988,100856.0,56028,47,0.08
Cambodia,136262,3056,0,133206,0,2.24,0.0,0.0,16718971,8150.0,136254,8,0.01
Cameroon,119780,1927,0,117853,0,1.61,0.0,0.0,26545864,4512.0,119780,0,0.0
Canada,3810247,39831,0,3770416,2187,1.05,0.0,0.0,76492216,49812.0,3770995,39252,1.04
Central African Republic,14649,113,0,14536,0,0.77,0.0,0.0,4829764,3033.0,14649,0,0.0
Chad,7414,193,0,7221,2,2.6,0.0,0.0,16425859,451.0,7412,2,0.03
Chile,3581374,57639,0,3523735,5235,1.61,0.0,0.0,36692988,97604.0,3562521,18853,0.53
China,2314048,14538,0,2299510,9088,0.63,0.0,0.0,2829703778,818.0,2227785,86263,3.87
Colombia,6093645,139809,0,5953836,0,2.29,0.0,0.0,99141018,61464.0,6092667,978,0.02
Comoros,8107,160,0,7947,0,1.97,0.0,0.0,869595,9323.0,8106,1,0.01
Congo (Brazzaville),24079,385,0,23694,0,1.6,0.0,0.0,89561403,269.0,24079,0,0.0
Congo (Kinshasa),87023,1337,0,85686,0,1.54,0.0,0.0,5518087,15771.0,87023,0,0.0
Costa Rica,857290,8421,0,848869,0,0.98,0.0,0.0,5094114,168290.0,852074,5216,0.61
Cote d'Ivoire,81974,799,0,81175,0,0.97,0.0,0.0,26378274,3108.0,81957,17,0.02
Croatia,1127799,15896,0,1111903,57,1.41,0.0,0.0,4105268,274720.0,1123029,4770,0.42
Cuba,1104057,8527,0,1095530,77,0.77,0.0,0.0,11326616,97475.0,1103286,771,0.07
Cyprus,483664,1032,0,482632,0,0.21,0.0,0.0,1207361,400596.0,480220,3444,0.72
Czechia,3912487,40220,0,3872267,0,1.03,0.0,0.0,10708981,365346.0,3907793,4694,0.12
Denmark,3170525,6293,0,3164232,582,0.2,0.0,0.0,5942850,533502.0,3164735,5790,0.18
Diamond Princess,712,13,0,699,0,1.83,0.0,0.0,0,119760.64248704663,712,0,0.0
Djibouti,15631,189,0,15442,0,1.21,0.0,0.0,988002,15821.0,15631,0,0.0
Dominica,12493,63,0,12430,0,0.5,0.0,0.0,71991,173536.0,12161,332,2.73
Dominican Republic,579743,4376,0,575367,0,0.75,0.0,0.0,10847904,53443.0,579443,300,0.05
Ecuador,871029,35602,0,835427,503,4.09,0.0,0.0,17643060,49369.0,869696,1333,0.15
Egypt,515645,24669,0,490976,0,4.78,0.0,0.0,102334403,5039.0,515645,0,0.0
El Salvador,162089,4128,0,157961,0,2.55,0.0,0.0,6486201,24990.0,162089,0,0.0
Equatorial Guinea,15910,183,0,15727,0,1.15,0.0,0.0,1402985,11340.0,15907,3,0.02
Eritrea,9738,103,0,9635,1,1.06,0.0,0.0,3546427,2746.0,9734,4,0.04
Estonia,572434,2548,0,569886,0,0.45,0.0,0.0,1326539,431524.0,572193,241,0.04
Eswatini,71215,1401,0,69814,113,1.97,0.0,0.0,1160164,61384.0,70678,537,0.76
Ethiopia,470760,7510,0,463250,20,1.6,0.0,0.0,114963583,4095.0,470587,173,0.04
Fiji,64725,862,0,63863,26,1.33,0.0,0.0,896444,72202.0,64646,79,0.12
Finland,1052767,4150,0,1048617,0,0.39,0.0,0.0,5540718,190006.0,1023013,29754,2.91
France,29155815,147893,0,29007922,7364,0.51,0.0,0.0,68128061,427956.0,28881384,274431,0.95
Gabon,47608,304,0,47304,6,0.64,0.0,0.0,2225728,21390.0,47602,6,0.01
Gambia,11996,365,0,11631,1,3.04,0.0,0.0,2416664,4964.0,11995,1,0.01
Georgia,1655221,16811,0,1638410,0,1.02,0.0,0.0,3989175,414928.0,1655221,0,0.0
Germany,25406868,136756,0,25270112,107568,0.54,0.0,0.0,166310062,152768.0,24927339,479529,1.92
Ghana,161269,1445,0,159824,47,0.9,0.0,0.0,31072945,5190.0,161204,65,0.04
Greece,3364598,29417,0,3335181,2819,0.87,0.0,0.0,10423056,322803.0,3331288,33310,1.0
Grenada,15483,220,0,15263,0,1.42,0.0,0.0,112519,137603.0,14743,740,5.02
Guatemala,849552,17703,0,831849,57,2.08,0.0,0.0,17915567,47420.0,846632,2920,0.34
Guinea,36549,442,0,36107,0,1.21,0.0,0.0,13132792,2783.0,36549,0,0.0
Guinea-Bissau,8215,171,0,8044,2,2.08,0.0,0.0,1967998,4174.0,8202,13,0.16
Guyana,63586,1228,0,62358,3,1.93,0.0,0.0,786559,80841.0,63484,102,0.16
Haiti,30707,835,0,29872,4,2.72,0.0,0.0,11402533,2693.0,30697,10,0.03
Holy See,29,0,0,29,0,0.0,0.0,0.0,809,35847.0,29,0,0.0
Honduras,423775,10895,0,412880,0,2.57,0.0,0.0,9904608,42786.0,426179,-2404,-0.56
Hungary,1903200,46266,0,1856934,0,2.43,0.0,0.0,9660350,197011.0,1903200,0,0.0
Iceland,185961,119,0,185842,0,0.06,0.0,0.0,341250,544941.0,185579,382,0.21
India,43107689,524103,0,42583586,2288,1.22,0.0,0.0,2751341248,15668.0,43084913,22776,0.05
Indonesia,6048685,156396,0,5892289,254,2.59,0.0,0.0,273523621,22114.0,6047208,1477,0.02
Iran,7225759,141189,0,7084570,570,1.95,0.0,0.0,83992953,86028.0,7223005,2754,0.04
Iraq,2325740,25214,0,2300526,126,1.08,0.0,0.0,40222503,57822.0,2325247,493,0.02
Ireland,1524555,7163,0,1517392,2192,0.47,0.0,0.0,4937796,308752.0,1517112,7443,0.49
Israel,4095425,10741,0,4084684,3378,0.26,0.0,0.0,8655541,473156.0,4080480,14945,0.37
Italy,16816419,164573,0,16651846,17421,0.98,0.0,0.0,120822834,139182.0,16523859,292560,1.77
Jamaica,131327,2980,0,128347,166,2.27,0.0,0.0,2961161,44350.0,130299,1028,0.79
Japan,8126472,29847,0,8096625,28353,0.37,0.0,0.0,252643406,32166.0,7917391,209081,2.64
Jordan,1695970,14066,0,1681904,0,0.83,0.0,0.0,10203140,166220.0,1695745,225,0.01
Kazakhstan,1394632,19014,0,1375618,0,1.36,0.0,0.0,18776707,74275.0,1394530,102,0.01
Kenya,323900,5649,0,318251,19,1.74,0.0,0.0,53771300,6024.0,323792,108,0.03
Kiribati,3093,13,0,3080,0,0.42,0.0,0.0,117606,26300.0,3084,9,0.29
"Korea, South",17614895,23462,0,17591433,49896,0.13,0.0,0.0,51269183,343577.0,17346753,268142,1.55
Kosovo,228146,3138,0,225008,2,1.38,0.0,0.0,1793000,127243.0,228094,52,0.02
Kuwait,631898,2555,0,629343,0,0.4,0.0,0.0,4270563,147966.0,631409,489,0.08
Kyrgyzstan,200993,2991,0,198002,0,1.49,0.0,0.0,6524191,30807.0,200993,0,0.0
Laos,208759,751,0,208008,224,0.36,0.0,0.0,7275556,28693.0,207714,1045,0.5
Latvia,824635,5790,0,818845,589,0.7,0.0,0.0,1886202,437193.0,822726,1909,0.23
Lebanon,1097575,10400,0,1087175,36,0.95,0.0,0.0,6825442,160806.0,1097044,531,0.05
Lesotho,33151,697,0,32454,0,2.1,0.0,0.0,2142252,15475.0,33134,17,0.05
Liberia,7434,294,0,7140,0,3.95,0.0,0.0,5057677,1470.0,7434,0,0.0
Libya,501919,6430,0,495489,3,1.28,0.0,0.0,6871287,73046.0,501916,3,0.0
Liechtenstein,17281,84,0,17197,1,0.49,0.0,0.0,38137,453130.0,17199,82,0.48
Lithuania,1059597,9121,0,1050476,15,0.86,0.0,0.0,2722291,389230.0,1058537,1060,0.1
Luxembourg,241160,1068,0,240092,0,0.44,0.0,0.0,625976,385254.0,238917,2243,0.94
MS Zaandam,9,2,0,7,0,22.22,0.0,0.0,0,119760.64248704663,9,0,0.0
Madagascar,64236,1393,0,62843,0,2.17,0.0,0.0,27691019,2320.0,64181,55,0.09
Malawi,85811,2634,0,83177,0,3.07,0.0,0.0,19129955,4486.0,85790,21,0.02
Malaysia,4461135,35584,0,4425551,2246,0.8,0.0,0.0,64998698,68634.0,4450859,10276,0.23
Maldives,179483,298,0,179185,69,0.17,0.0,0.0,540542,332043.0,179171,312,0.17
Mali,30940,733,0,30207,3,2.37,0.0,0.0,20250834,1528.0,30850,90,0.29
Malta,92953,711,0,92242,105,0.76,0.0,0.0,441539,210520.0,91975,978,1.06
Marshall Islands,17,0,0,17,0,0.0,0.0,0.0,58413,291.0,17,0,0.0
Mauritania,58757,982,0,57775,14,1.67,0.0,0.0,4649660,12637.0,58694,63,0.11
Mauritius,222848,996,0,221852,0,0.45,0.0,0.0,1271767,175227.0,221749,1099,0.5
Mexico,5745652,324465,0,5421187,5972,5.65,0.0,0.0,255584572,22480.0,5740080,5572,0.1
Micronesia,7,0,0,7,0,0.0,0.0,0.0,113815,62.0,7,0,0.0
Moldova,517753,11503,0,506250,0,2.22,0.0,0.0,8055380,64274.0,516986,767,0.15
Monaco,11925,57,0,11868,0,0.48,0.0,0.0,39244,303868.0,11801,124,1.05
Mongolia,920781,2179,0,918602,0,0.24,0.0,0.0,3278292,280872.0,920781,0,0.0
Montenegro,235837,2717,0,233120,42,1.15,0.0,0.0,628062,375500.0,235338,499,0.21
Morocco,1165283,16071,0,1149212,36,1.38,0.0,0.0,36910558,31570.0,1164984,299,0.03
Mozambique,225430,2201,0,223229,4,0.98,0.0,0.0,31255435,7213.0,225387,43,0.02
Namibia,159278,4027,0,155251,59,2.53,0.0,0.0,2540916,62685.0,158811,467,0.29
Nepal,978948,11952,0,966996,6,1.22,0.0,0.0,29136808,33598.0,978836,112,0.01
Netherlands,8243298,22907,0,8220391,3869,0.28,0.0,0.0,34882427,236317.0,8232276,11022,0.13
New Zealand,1010980,827,0,1010153,9296,0.08,0.0,0.0,4839692,208893.0,957813,53167,5.55
Nicaragua,18491,235,0,18256,0,1.27,0.0,0.0,6624554,2791.0,18491,0,0.0
Niger,8986,309,0,8677,29,3.44,0.0,0.0,24206636,371.0,8943,43,0.48
Nigeria,255766,3143,0,252623,0,1.23,0.0,0.0,399640130,640.0,255753,13,0.01
North Macedonia,310298,9287,0,301011,158,2.99,0.0,0.0,2083380,148940.0,309769,529,0.17
Norway,1428335,3006,0,1425329,325,0.21,0.0,0.0,5421242,263470.0,1426491,1844,0.13
Oman,389306,4259,0,385047,33,1.09,0.0,0.0,5106622,76236.0,389126,180,0.05
Pakistan,1528833,30375,0,1498458,877,1.99,0.0,0.0,428724125,3566.0,1527956,877,0.06
Palau,4732,6,0,4726,0,0.13,0.0,0.0,18008,262772.0,4610,122,2.65
Panama,789830,8194,0,781636,1359,1.04,0.0,0.0,4314768,183053.0,777658,12172,1.57
Papua New Guinea,43827,651,0,43176,0,1.49,0.0,0.0,8947027,4898.0,43821,6,0.01
Paraguay,649718,18872,0,630846,0,2.9,0.0,0.0,7132530,91092.0,649455,263,0.04
Peru,3569782,212946,0,3356836,0,5.97,0.0,0.0,65597846,54419.0,3566523,3259,0.09
Philippines,3687197,60439,0,3626758,179,1.64,0.0,0.0,109581085,33648.0,3686082,1115,0.03
Poland,6000600,116138,0,5884462,184,1.94,0.0,0.0,76257753,78688.0,5996935,3665,0.06
Portugal,3935932,22420,0,3913512,0,0.57,0.0,0.0,10196707,386000.0,3853800,82132,2.13
Qatar,365334,677,0,364657,143,0.19,0.0,0.0,2881060,126805.0,364728,606,0.17
Romania,2899563,65566,0,2833997,385,2.26,0.0,0.0,38837451,74659.0,2894896,4667,0.16
Russia,17966773,369451,0,17597322,4936,2.06,0.0,0.0,292579178,61408.0,17930267,36506,0.2
Rwanda,129872,1459,0,128413,23,1.12,0.0,0.0,12952209,10027.0,129834,38,0.03
Saint Kitts and Nevis,5591,43,0,5548,4,0.77,0.0,0.0,53109,105274.0,5566,25,0.45
Saint Lucia,23778,368,0,23410,55,1.55,0.0,0.0,183629,129489.0,23459,319,1.36
Saint Vincent and the Grenadines,8450,106,0,8344,11,1.25,0.0,0.0,110854,76226.0,8419,31,0.37
Samoa,10926,22,0,10904,267,0.2,0.0,0.0,196130,55708.0,9592,1334,13.91
San Marino,16666,115,0,16551,42,0.69,0.0,0.0,33938,491072.0,16476,190,1.15
Sao Tome and Principe,5970,73,0,5897,6,1.22,0.0,0.0,219159,27240.0,5964,6,0.1
Saudi Arabia,755980,9104,0,746876,565,1.2,0.0,0.0,34813867,21715.0,754238,1742,0.23
Senegal,86016,1966,0,84050,4,2.29,0.0,0.0,16743930,5137.0,86005,11,0.01
Serbia,2010495,16033,0,1994462,516,0.8,0.0,0.0,8737370,230103.0,2007091,3404,0.17
Seychelles,42841,166,0,42675,0,0.39,0.0,0.0,98340,435642.0,42548,293,0.69
Sierra Leone,7682,125,0,7557,0,1.63,0.0,0.0,7976985,963.0,7681,1,0.01
Singapore,1220193,1352,0,1218841,2271,0.11,0.0,0.0,5850343,208568.0,1200976,19217,1.6
Slovakia,2536111,19984,0,2516127,111,0.79,0.0,0.0,10823892,234307.0,2528216,7895,0.31
Slovenia,1015982,6613,0,1009369,203,0.65,0.0,0.0,2078932,488704.0,1010785,5197,0.51
Solomon Islands,16441,144,0,16297,0,0.88,0.0,0.0,652858,25183.0,15677,764,4.87
Somalia,26485,1361,0,25124,0,5.14,0.0,0.0,15893219,1666.0,26485,0,0.0
South Africa,3844625,100533,0,3744092,3237,2.61,0.0,0.0,59308690,64824.0,3798413,46212,1.22
South Sudan,17505,138,0,17367,13,0.79,0.0,0.0,11193729,1564.0,17483,22,0.13
Spain,12009059,104869,0,11904190,0,0.87,0.0,0.0,93691843,128176.0,11896152,112907,0.95
Sri Lanka,663561,16509,0,647052,0,2.49,0.0,0.0,21413250,30988.0,663408,153,0.02
Sudan,62149,4935,0,57214,14,7.94,0.0,0.0,43849269,1417.0,62117,32,0.05
Summer Olympics 2020,865,0,0,865,0,0.0,0.0,0.0,0,119760.64248704663,865,0,0.0
Suriname,79393,1328,0,78065,0,1.67,0.0,0.0,586634,135337.0,79336,57,0.07
Sweden,2503090,18824,0,2484266,0,0.75,0.0,0.0,20426859,122539.0,2500917,2173,0.09
Switzerland,3636226,13729,0,3622497,0,0.38,0.0,0.0,8654618,420149.0,3619598,16628,0.46
Syria,55858,3150,0,52708,5,5.64,0.0,0.0,17500657,3192.0,55825,33,0.06
Taiwan*,397504,931,0,396573,128935,0.23,0.0,0.0,23806638,16697.0,132955,264549,198.98
Tajikistan,17786,125,0,17661,0,0.7,0.0,0.0,9537642,1865.0,17786,0,0.0
Tanzania,33872,803,0,33069,0,2.37,0.0,0.0,59734213,567.0,33872,0,0.0
Thailand,4337568,29196,0,4308372,6230,0.67,0.0,0.0,69799978,62143.0,4281536,56032,1.31
Timor-Leste,22885,130,0,22755,0,0.57,0.0,0.0,1318442,17358.0,22874,11,0.05
Togo,37006,273,0,36733,4,0.74,0.0,0.0,8278737,4470.0,36991,15,0.04
Tonga,10765,11,0,10754,0,0.1,0.0,0.0,105697,101848.0,10452,313,2.99
Trinidad and Tobago,151806,3856,0,147950,214,2.54,0.0,0.0,1399491,108472.0,148630,3176,2.14
Tunisia,1040712,28566,0,1012146,0,2.74,0.0,0.0,11818618,88057.0,1040193,519,0.05
Turkey,15044921,98854,0,14946067,1542,0.66,0.0,0.0,84339067,178386.0,15034917,10004,0.07
US,81973661,997740,0,80975921,110182,1.22,0.0,0.0,330541757,247998.0,81458273,515388,0.63
Uganda,164149,3598,0,160551,31,2.19,0.0,0.0,45741000,3589.0,164104,45,0.03
Ukraine,5040518,112459,0,4928059,0,2.23,0.0,0.0,89634808,56234.0,5040518,0,0.0
United Arab Emirates,900484,2302,0,898182,233,0.26,0.0,0.0,9890400,91046.0,899033,1451,0.16
United Kingdom,22318371,177072,0,22141299,26253,0.79,0.0,0.0,135034319,165279.0,22214111,104260,0.47
Uruguay,899723,7210,0,892513,0,0.8,0.0,0.0,3473727,259008.0,897867,1856,0.21
Uzbekistan,238736,1637,0,237099,41,0.69,0.0,0.0,33469199,7133.0,238627,109,0.05
Vanuatu,8056,14,0,8042,271,0.17,0.0,0.0,292680,27525.0,7514,542,7.21
Venezuela,522749,5709,0,517040,0,1.09,0.0,0.0,28435943,18383.0,522434,315,0.06
Vietnam,10678359,43057,0,10635302,2175,0.4,0.0,0.0,97338583,109703.0,10656649,21710,0.2
West Bank and Gaza,657193,5657,0,651536,133,0.86,0.0,0.0,4543126,144657.0,657060,133,0.02
Winter Olympics 2022,535,0,0,535,0,0.0,0.0,0.0,0,119760.64248704663,535,0,0.0
Yemen,11819,2149,0,9670,0,18.18,0.0,0.0,29825968,396.0,11819,0,0.0
Zambia,320157,3982,0,316175,58,1.24,0.0,0.0,18383956,17415.0,319755,402,0.13
Zimbabwe,248536,5479,0,243057,184,2.2,0.0,0.0,14862927,16722.0,247935,601,0.24
