Country,Confirmed,Deaths,Recovered,Active,New Cases,Deaths / 100 Cases,Recovered / 100 Cases,Deaths / 100 Recovered,Population,Cases / Million People,Confirmed last week,1 week change,1 week % increase
Afghanistan,183084,7727,0,175357,105,4.22,0.0,0.0,38928341,4703.0,182528,556,0.3
Albania,284758,3508,0,281250,947,1.23,0.0,0.0,2877800,98950.0,280851,3907,1.39
Algeria,266202,6875,0,259327,21,2.58,0.0,0.0,43851043,6071.0,266087,115,0.04
Andorra,44671,153,0,44518,0,0.34,0.0,0.0,77265,578153.0,43774,897,2.05
Angola,101320,1900,0,99420,0,1.88,0.0,0.0,32866268,3083.0,101320,0,0.0
Antarctica,11,0,0,11,0,0.0,0.0,0.0,0,128325.71649484536,11,0,0.0
Antigua and Barbuda,8681,142,0,8539,13,1.64,0.0,0.0,97928,88647.0,8641,40,0.46
Argentina,9394326,129109,0,9265217,0,1.37,0.0,0.0,45195777,207858.0,9367172,27154,0.29
Armenia,423417,8629,0,414788,0,2.04,0.0,0.0,2963234,142890.0,423243,174,0.04
Australia,8419675,10225,0,8409450,41743,0.12,0.0,0.0,50919400,165353.0,8164673,255002,3.12
Austria,4529939,20093,0,4509846,12936,0.44,0.0,0.0,9006400,502969.0,4459767,70172,1.57
Azerbaijan,793388,9717,0,783671,0,1.22,0.0,0.0,10139175,78250.0,793176,212,0.03
Bahamas,36133,821,0,35312,0,2.27,0.0,0.0,393248,91883.0,35975,158,0.44
Bahrain,636294,1498,0,634796,1367,0.24,0.0,0.0,1701583,373942.0,625856,10438,1.67
Bangladesh,1986490,29188,0,1957302,1790,1.47,0.0,0.0,164689383,12062.0,1973789,12701,0.64
Barbados,85488,478,0,85010,157,0.56,0.0,0.0,287371,297483.0,84421,1067,1.26
Belarus,994037,7118,0,986919,0,0.72,0.0,0.0,9449321,105197.0,982867,11170,1.14
Belgium,4294880,31977,0,4262903,29584,0.74,0.0,0.0,22985282,186853.0,4246078,48802,1.15
Belize,64948,680,0,64268,161,1.05,0.0,0.0,397621,163341.0,63966,982,1.54
Benin,27216,163,0,27053,0,0.6,0.0,0.0,12123198,2245.0,27216,0,0.0
Bhutan,59824,21,0,59803,0,0.04,0.0,0.0,771612,77531.0,59729,95,0.16
Bolivia,939612,21963,0,917649,2910,2.34,0.0,0.0,11673029,80494.0,926718,12894,1.39
Bosnia and Herzegovina,379408,15809,0,363599,164,4.17,0.0,0.0,3280815,115644.0,378716,692,0.18
Botswana,324154,2753,0,321401,827,0.85,0.0,0.0,2351625,137843.0,322769,1385,0.43
Brazil,32759730,673073,0,32086657,72050,2.05,0.0,0.0,422706534,77500.0,32358018,401712,1.24
Brunei,171027,225,0,170802,1179,0.13,0.0,0.0,437483,390934.0,163900,7127,4.35
Bulgaria,1176567,37264,0,1139303,842,3.17,0.0,0.0,6948445,169328.0,1172239,4328,0.37
Burkina Faso,21044,387,0,20657,0,1.84,0.0,0.0,20903278,1007.0,21044,0,0.0
Burma,613695,19434,0,594261,12,3.17,0.0,0.0,54409800,11279.0,613596,99,0.02
Burundi,42836,38,0,42798,0,0.09,0.0,0.0,11890781,3602.0,42658,178,0.42
Cabo Verde,61411,407,0,61004,147,0.66,0.0,0.0,555988,110454.0,60542,869,1.44
Cambodia,136314,3056,0,133258,6,2.24,0.0,0.0,16718971,8153.0,136279,35,0.03
Cameroon,120068,1931,0,118137,0,1.61,0.0,0.0,26545864,4523.0,120068,0,0.0
Canada,3973323,42145,0,3931178,8767,1.06,0.0,0.0,76492216,51944.0,3953618,19705,0.5
Central African Republic,14675,113,0,14562,0,0.77,0.0,0.0,4829764,3038.0,14649,26,0.18
Chad,7426,193,0,7233,0,2.6,0.0,0.0,16425859,452.0,7425,1,0.01
Chile,4055693,58717,0,3996976,11082,1.45,0.0,0.0,36692988,110530.0,3990693,65000,1.63
China,2153986,14635,0,2139351,3483,0.68,0.0,0.0,2829703778,761.0,2134718,19268,0.9
Colombia,6198848,140202,0,6058646,23667,2.26,0.0,0.0,99141018,62526.0,6175181,23667,0.38
Comoros,8161,160,0,8001,0,1.96,0.0,0.0,869595,9385.0,8139,22,0.27
Congo (Brazzaville),24421,386,0,24035,293,1.58,0.0,0.0,89561403,273.0,24128,293,1.21
Congo (Kinshasa),91393,1375,0,90018,0,1.5,0.0,0.0,5518087,16562.0,91082,311,0.34
Costa Rica,904934,8525,0,896409,0,0.94,0.0,0.0,5094114,177643.0,904934,0,0.0
Cote d'Ivoire,83896,805,0,83091,73,0.96,0.0,0.0,26378274,3180.0,83463,433,0.52
Croatia,1155583,16096,0,1139487,1454,1.39,0.0,0.0,4105268,281488.0,1148528,7055,0.61
Cuba,1106283,8529,0,1097754,43,0.77,0.0,0.0,11326616,97671.0,1106023,260,0.02
Cyprus,515596,1075,0,514521,0,0.21,0.0,0.0,1207361,427044.0,504717,10879,2.16
Czechia,3939184,40330,0,3898854,1554,1.02,0.0,0.0,10708981,367839.0,3933758,5426,0.14
Denmark,3232467,6554,0,3225913,2672,0.2,0.0,0.0,5942850,543925.0,3218395,14072,0.44
Diamond Princess,712,13,0,699,0,1.83,0.0,0.0,0,128325.71649484536,712,0,0.0
Djibouti,15690,189,0,15501,0,1.2,0.0,0.0,988002,15881.0,15690,0,0.0
Dominica,14852,68,0,14784,0,0.46,0.0,0.0,71991,206304.0,14852,0,0.0
Dominican Republic,614707,4383,0,610324,1079,0.71,0.0,0.0,10847904,56666.0,605784,8923,1.47
Ecuador,915679,35747,0,879932,0,3.9,0.0,0.0,17643060,51900.0,909882,5797,0.64
Egypt,515645,24724,0,490921,0,4.79,0.0,0.0,102334403,5039.0,515645,0,0.0
El Salvador,169646,4153,0,165493,0,2.45,0.0,0.0,6486201,26155.0,169646,0,0.0
Equatorial Guinea,16191,183,0,16008,0,1.13,0.0,0.0,1402985,11540.0,16034,157,0.98
Eritrea,9811,103,0,9708,0,1.05,0.0,0.0,3546427,2766.0,9799,12,0.12
Estonia,581560,2599,0,578961,0,0.45,0.0,0.0,1326539,438404.0,580114,1446,0.25
Eswatini,73185,1417,0,71768,8,1.94,0.0,0.0,1160164,63082.0,73109,76,0.1
Ethiopia,490031,7549,0,482482,185,1.54,0.0,0.0,114963583,4262.0,488724,1307,0.27
Fiji,66126,866,0,65260,237,1.31,0.0,0.0,896444,73765.0,65713,413,0.63
Finland,1158485,4941,0,1153544,12875,0.43,0.0,0.0,5540718,209086.0,1145610,12875,1.12
France,32177472,150982,0,32026490,161265,0.47,0.0,0.0,68128061,472309.0,31285317,892155,2.85
Gabon,47939,305,0,47634,0,0.64,0.0,0.0,2225728,21539.0,47939,0,0.0
Gambia,12009,365,0,11644,0,3.04,0.0,0.0,2416664,4969.0,12002,7,0.06
Georgia,1662299,16844,0,1645455,0,1.01,0.0,0.0,3989175,416702.0,1660429,1870,0.11
Germany,28926346,141758,0,28784588,117732,0.49,0.0,0.0,166310062,173930.0,28293960,632386,2.24
Ghana,166816,1453,0,165363,270,0.87,0.0,0.0,31072945,5369.0,166133,683,0.41
Greece,3792674,30400,0,3762274,18297,0.8,0.0,0.0,10423056,363874.0,3676502,116172,3.16
Grenada,18475,232,0,18243,0,1.26,0.0,0.0,112519,164194.0,18357,118,0.64
Guatemala,933259,18666,0,914593,5786,2.0,0.0,0.0,17915567,52092.0,910714,22545,2.48
Guinea,37358,443,0,36915,235,1.19,0.0,0.0,13132792,2845.0,36817,541,1.47
Guinea-Bissau,8396,171,0,8225,5,2.04,0.0,0.0,1967998,4266.0,8348,48,0.57
Guyana,67929,1258,0,66671,86,1.85,0.0,0.0,786559,86362.0,67395,534,0.79
Haiti,31767,837,0,30930,0,2.63,0.0,0.0,11402533,2786.0,31550,217,0.69
Holy See,29,0,0,29,0,0.0,0.0,0.0,809,35847.0,29,0,0.0
Honduras,427718,10906,0,416812,0,2.55,0.0,0.0,9904608,43184.0,427355,363,0.08
Hungary,1932788,46661,0,1886127,0,2.41,0.0,0.0,9660350,200074.0,1928125,4663,0.24
Iceland,196527,179,0,196348,0,0.09,0.0,0.0,341250,575903.0,193987,2540,1.31
India,43585554,525343,0,43060211,18815,1.21,0.0,0.0,2751341248,15842.0,43469234,116320,0.27
Indonesia,6103552,156776,0,5946776,2881,2.57,0.0,0.0,273523621,22315.0,6088460,15092,0.25
Iran,7244694,141420,0,7103274,1775,1.95,0.0,0.0,83992953,86254.0,7238126,6568,0.09
Iraq,2374046,25253,0,2348793,4774,1.06,0.0,0.0,40222503,59023.0,2348662,25384,1.08
Ireland,1614631,7536,0,1607095,0,0.47,0.0,0.0,4937796,326994.0,1600614,14017,0.88
Israel,4425323,11056,0,4414267,10260,0.25,0.0,0.0,8655541,511271.0,4353033,72290,1.66
Italy,19157174,168864,0,18988310,108386,0.88,0.0,0.0,120822834,158556.0,18523111,634063,3.42
Jamaica,143476,3147,0,140329,68,2.19,0.0,0.0,2961161,48453.0,142804,672,0.47
Japan,9534908,31375,0,9503533,47943,0.33,0.0,0.0,252643406,37741.0,9316954,217954,2.34
Jordan,1700526,14068,0,1686458,0,0.83,0.0,0.0,10203140,166667.0,1699197,1329,0.08
Kazakhstan,1397478,19018,0,1378460,340,1.36,0.0,0.0,18776707,74426.0,1395849,1629,0.12
Kenya,335341,5660,0,329681,249,1.69,0.0,0.0,53771300,6236.0,333694,1647,0.49
Kiribati,3236,13,0,3223,0,0.4,0.0,0.0,117606,27516.0,3236,0,0.0
"Korea, North",1,6,0,-5,0,600.0,0.0,0.0,25778815,0.0,1,0,0.0
"Korea, South",18471172,24605,0,18446567,19310,0.13,0.0,0.0,51269183,360278.0,18368857,102315,0.56
Kosovo,230653,3140,0,227513,258,1.36,0.0,0.0,1793000,128641.0,229199,1454,0.63
Kuwait,646098,2556,0,643542,0,0.4,0.0,0.0,4270563,151291.0,643004,3094,0.48
Kyrgyzstan,201101,2991,0,198110,0,1.49,0.0,0.0,6524191,30824.0,201053,48,0.02
Laos,210341,757,0,209584,10,0.36,0.0,0.0,7275556,28911.0,210292,49,0.02
Latvia,839251,5869,0,833382,694,0.7,0.0,0.0,1886202,444942.0,835797,3454,0.41
Lebanon,1121054,10473,0,1110581,1593,0.93,0.0,0.0,6825442,164246.0,1112199,8855,0.8
Lesotho,33938,699,0,33239,0,2.06,0.0,0.0,2142252,15842.0,33938,0,0.0
Liberia,7500,294,0,7206,0,3.92,0.0,0.0,5057677,1483.0,7497,3,0.04
Libya,502189,6430,0,495759,0,1.28,0.0,0.0,6871287,73085.0,502138,51,0.01
Liechtenstein,18077,85,0,17992,26,0.47,0.0,0.0,38137,474002.0,17903,174,0.97
Lithuania,1163529,9178,0,1154351,86,0.79,0.0,0.0,2722291,427408.0,1161146,2383,0.21
Luxembourg,269086,1095,0,267991,1379,0.41,0.0,0.0,625976,429866.0,263387,5699,2.16
MS Zaandam,9,2,0,7,0,22.22,0.0,0.0,0,128325.71649484536,9,0,0.0
Madagascar,65787,1401,0,64386,0,2.13,0.0,0.0,27691019,2376.0,65381,406,0.62
Malawi,86658,2646,0,84012,13,3.05,0.0,0.0,19129955,4530.0,86506,152,0.18
Malaysia,4586322,35795,0,4550527,4020,0.78,0.0,0.0,64998698,70560.0,4566055,20267,0.44
Maldives,182720,306,0,182414,0,0.17,0.0,0.0,540542,338031.0,181586,1134,0.62
Mali,31182,737,0,30445,1,2.36,0.0,0.0,20250834,1540.0,31165,17,0.05
Malta,107306,753,0,106553,624,0.7,0.0,0.0,441539,243027.0,103132,4174,4.05
Marshall Islands,45,0,0,45,13,0.0,0.0,0.0,58413,770.0,18,27,150.0
Mauritania,60864,986,0,59878,179,1.62,0.0,0.0,4649660,13090.0,59814,1050,1.76
Mauritius,231036,1004,0,230032,0,0.43,0.0,0.0,1271767,181665.0,231036,0,0.0
Mexico,6185219,325976,0,5859243,32295,5.27,0.0,0.0,255584572,24200.0,6034602,150617,2.5
Micronesia,38,0,0,38,0,0.0,0.0,0.0,113815,334.0,38,0,0.0
Moldova,521182,11570,0,509612,0,2.22,0.0,0.0,8055380,64700.0,520321,861,0.17
Monaco,13358,59,0,13299,91,0.44,0.0,0.0,39244,340383.0,13006,352,2.71
Mongolia,929543,2119,0,927424,232,0.23,0.0,0.0,3278292,283545.0,928586,957,0.1
Montenegro,242333,2729,0,239604,483,1.13,0.0,0.0,628062,385842.0,240222,2111,0.88
Morocco,1235920,16142,0,1219778,2782,1.31,0.0,0.0,36910558,33484.0,1216909,19011,1.56
Mozambique,228479,2214,0,226265,75,0.97,0.0,0.0,31255435,7310.0,227919,560,0.25
Namibia,169253,4065,0,165188,0,2.4,0.0,0.0,2540916,66611.0,169179,74,0.04
Nepal,980058,11952,0,968106,60,1.22,0.0,0.0,29136808,33636.0,979694,364,0.04
Netherlands,8331055,23025,0,8308030,7333,0.28,0.0,0.0,34882427,238832.0,8290330,40725,0.49
New Zealand,1418436,1582,0,1416854,9573,0.11,0.0,0.0,4839692,293084.0,1351570,66866,4.95
Nicaragua,14721,243,0,14478,0,1.65,0.0,0.0,6624554,2222.0,14690,31,0.21
Niger,9031,310,0,8721,0,3.43,0.0,0.0,24206636,373.0,9031,0,0.0
Nigeria,257637,3144,0,254493,0,1.22,0.0,0.0,399640130,645.0,257290,347,0.13
North Macedonia,315402,9329,0,306073,342,2.96,0.0,0.0,2083380,151390.0,314018,1384,0.44
Norway,1450111,3415,0,1446696,472,0.24,0.0,0.0,5421242,267487.0,1447270,2841,0.2
Oman,391641,4628,0,387013,0,1.18,0.0,0.0,5106622,76693.0,390244,1397,0.36
Pakistan,1541645,30413,0,1511232,693,1.97,0.0,0.0,428724125,3596.0,1536479,5166,0.34
Palau,5269,6,0,5263,0,0.11,0.0,0.0,18008,292592.0,5220,49,0.94
Panama,925254,8373,0,916881,0,0.9,0.0,0.0,4314768,214439.0,921364,3890,0.42
Papua New Guinea,44739,662,0,44077,0,1.48,0.0,0.0,8947027,5000.0,44717,22,0.05
Paraguay,660841,18994,0,641847,0,2.87,0.0,0.0,7132530,92652.0,655532,5309,0.81
Peru,3656309,213623,0,3442686,6106,5.84,0.0,0.0,65597846,55738.0,3626802,29507,0.81
Philippines,3713131,60625,0,3652506,1863,1.63,0.0,0.0,109581085,33885.0,3704407,8724,0.24
Poland,6019633,116449,0,5903184,1068,1.93,0.0,0.0,76257753,78938.0,6014992,4641,0.08
Portugal,5234600,24273,0,5210327,9395,0.46,0.0,0.0,10196707,513362.0,5171236,63364,1.23
Qatar,387208,679,0,386529,680,0.18,0.0,0.0,2881060,134398.0,382635,4573,1.2
Romania,2927187,65755,0,2861432,0,2.25,0.0,0.0,38837451,75370.0,2919461,7726,0.26
Russia,18182578,373732,0,17808846,3324,2.06,0.0,0.0,292579178,62146.0,18161238,21340,0.12
Rwanda,131490,1461,0,130029,70,1.11,0.0,0.0,12952209,10152.0,131021,469,0.36
Saint Kitts and Nevis,6254,43,0,6211,26,0.69,0.0,0.0,53109,117758.0,6065,189,3.12
Saint Lucia,27204,385,0,26819,71,1.42,0.0,0.0,183629,148147.0,27022,182,0.67
Saint Vincent and the Grenadines,9076,114,0,8962,1,1.26,0.0,0.0,110854,81873.0,9051,25,0.28
Samoa,15052,29,0,15023,56,0.19,0.0,0.0,196130,76745.0,14906,146,0.98
San Marino,18361,115,0,18246,0,0.63,0.0,0.0,33938,541016.0,18016,345,1.91
Sao Tome and Principe,6064,74,0,5990,0,1.22,0.0,0.0,219159,27669.0,6043,21,0.35
Saudi Arabia,798977,9218,0,789759,503,1.15,0.0,0.0,34813867,22950.0,795186,3791,0.48
Senegal,86434,1968,0,84466,23,2.28,0.0,0.0,16743930,5162.0,86325,109,0.13
Serbia,2037347,16141,0,2021206,1469,0.79,0.0,0.0,8737370,233176.0,2029403,7944,0.39
Seychelles,45000,167,0,44833,0,0.37,0.0,0.0,98340,457596.0,44669,331,0.74
Sierra Leone,7713,125,0,7588,6,1.62,0.0,0.0,7976985,967.0,7695,18,0.23
Singapore,1505938,1426,0,1504512,9985,0.09,0.0,0.0,5850343,257410.0,1444068,61870,4.28
Slovakia,2555080,20154,0,2534926,968,0.79,0.0,0.0,10823892,236059.0,2551116,3964,0.16
Slovenia,1046425,6657,0,1039768,1660,0.64,0.0,0.0,2078932,503347.0,1038716,7709,0.74
Solomon Islands,21544,153,0,21391,0,0.71,0.0,0.0,652858,33000.0,21544,0,0.0
Somalia,26803,1361,0,25442,0,5.08,0.0,0.0,15893219,1686.0,26803,0,0.0
South Africa,3996904,101868,0,3895036,1120,2.55,0.0,0.0,59308690,67392.0,3993444,3460,0.09
South Sudan,17733,138,0,17595,0,0.78,0.0,0.0,11193729,1584.0,17722,11,0.06
Spain,12890002,108259,0,12781743,0,0.84,0.0,0.0,93691843,137579.0,12734038,155964,1.22
Sri Lanka,664217,16525,0,647692,20,2.49,0.0,0.0,21413250,31019.0,664123,94,0.01
Sudan,62745,4952,0,57793,41,7.89,0.0,0.0,43849269,1431.0,62624,121,0.19
Summer Olympics 2020,865,0,0,865,0,0.0,0.0,0.0,0,128325.71649484536,865,0,0.0
Suriname,80890,1376,0,79514,0,1.7,0.0,0.0,586634,137888.0,80864,26,0.03
Sweden,2523404,19144,0,2504260,4205,0.76,0.0,0.0,20426859,123534.0,2519199,4205,0.17
Switzerland,3805774,13842,0,3791932,0,0.36,0.0,0.0,8654618,439739.0,3759730,46044,1.22
Syria,55945,3150,0,52795,5,5.63,0.0,0.0,17500657,3197.0,55927,18,0.03
Taiwan*,3995621,7328,0,3988293,31433,0.18,0.0,0.0,23806638,167836.0,3767283,228338,6.06
Tajikistan,17786,125,0,17661,0,0.7,0.0,0.0,9537642,1865.0,17786,0,0.0
Tanzania,35768,841,0,34927,0,2.35,0.0,0.0,59734213,599.0,35768,0,0.0
Thailand,4540955,30798,0,4510157,2144,0.68,0.0,0.0,69799978,65057.0,4525269,15686,0.35
Timor-Leste,22965,133,0,22832,1,0.58,0.0,0.0,1318442,17418.0,22957,8,0.03
Togo,37540,275,0,37265,26,0.73,0.0,0.0,8278737,4535.0,37403,137,0.37
Tonga,12301,12,0,12289,0,0.1,0.0,0.0,105697,116380.0,12301,0,0.0
Trinidad and Tobago,167896,4021,0,163875,116,2.39,0.0,0.0,1399491,119969.0,167097,799,0.48
Tunisia,1066127,28748,0,1037379,0,2.7,0.0,0.0,11818618,90207.0,1052180,13947,1.33
Turkey,15180444,99057,0,15081387,0,0.65,0.0,0.0,84339067,179993.0,15123331,57113,0.38
US,88381589,1020262,0,87361327,118681,1.15,0.0,0.0,330541757,267384.0,87671443,710146,0.81
Uganda,168169,3622,0,164547,160,2.15,0.0,0.0,45741000,3677.0,167719,450,0.27
Ukraine,5040518,112459,0,4928059,0,2.23,0.0,0.0,89634808,56234.0,5040518,0,0.0
United Arab Emirates,958070,2322,0,955748,1688,0.24,0.0,0.0,9890400,96869.0,945800,12270,1.3
United Kingdom,23086445,181398,0,22905047,163,0.79,0.0,0.0,135034319,170967.0,22918904,167541,0.73
Uruguay,962251,7351,0,954900,0,0.76,0.0,0.0,3473727,277008.0,957629,4622,0.48
Uzbekistan,241377,1637,0,239740,94,0.68,0.0,0.0,33469199,7212.0,240764,613,0.25
Vanuatu,11569,14,0,11555,99,0.12,0.0,0.0,292680,39528.0,11266,303,2.69
Venezuela,527347,5738,0,521609,106,1.09,0.0,0.0,28435943,18545.0,526022,1325,0.25
Vietnam,10752140,43089,0,10709051,913,0.4,0.0,0.0,97338583,110461.0,10746470,5670,0.05
West Bank and Gaza,662490,5662,0,656828,0,0.85,0.0,0.0,4543126,145823.0,659853,2637,0.4
Winter Olympics 2022,535,0,0,535,0,0.0,0.0,0.0,0,128325.71649484536,535,0,0.0
Yemen,11832,2149,0,9683,0,18.16,0.0,0.0,29825968,397.0,11824,8,0.07
Zambia,326651,4008,0,322643,243,1.23,0.0,0.0,18383956,17768.0,325857,794,0.24
Zimbabwe,255805,5560,0,250245,0,2.17,0.0,0.0,14862927,17211.0,255586,219,0.09
